service_id,monday,tuesday,wednesday,thursday,friday,saturday,sunday,start_date,end_date
234419,0,0,0,0,0,0,0,20250407,20250411
234420,0,0,0,0,0,0,0,20250511,20250608
234421,0,0,0,0,0,0,0,20250511,20250608
234422,0,0,0,0,0,0,0,20250426,20250426
234423,0,0,0,0,0,0,0,20250407,20250411
234424,0,0,0,0,0,0,0,20250321,20250613
234425,0,0,0,0,0,0,0,20250407,20250411
234426,0,0,0,0,0,0,0,20250321,20250613
234427,0,0,0,0,0,0,0,20250427,20250427
234428,0,0,0,0,0,0,0,20250427,20250427
234429,0,0,0,0,0,0,0,20250321,20250613
234430,0,0,0,0,0,0,0,20250321,20250613
234431,0,0,0,0,0,0,0,20250321,20250613
234432,0,0,0,0,0,0,0,20250321,20250613
234433,0,0,0,0,0,0,0,20250321,20250613
234434,0,0,0,0,0,0,0,20250323,20250330
234435,0,0,0,0,0,0,0,20250321,20250613
234436,0,0,0,0,0,0,0,20250321,20250613
234437,0,0,0,0,0,0,0,20250321,20250613
234438,0,0,0,0,0,0,0,20250321,20250613
234439,0,0,0,0,0,0,0,20250323,20250330
234440,0,0,0,0,0,0,0,20250420,20250501
234441,0,0,0,0,0,0,0,20250420,20250504
234442,0,0,0,0,0,0,0,20250501,20250501
234443,0,0,0,0,0,0,0,20250419,20250502
234444,0,0,0,0,0,0,0,20250405,20250614
234445,0,0,0,0,0,0,0,20250419,20250502
234446,0,0,0,0,0,0,0,20250419,20250502
234447,0,0,0,0,0,0,0,20250427,20250427
234448,0,0,0,0,0,0,0,20250419,20250502
234449,0,0,0,0,0,0,0,20250321,20250613
234450,0,0,0,0,0,0,0,20250321,20250613
234451,0,0,0,0,0,0,0,20250321,20250613
234452,0,0,0,0,0,0,0,20250321,20250613
234453,0,0,0,0,0,0,0,20250321,20250613
234454,0,0,0,0,0,0,0,20250322,20250614
234455,0,0,0,0,0,0,0,20250419,20250502
234456,0,0,0,0,0,0,0,20250322,20250614
234457,0,0,0,0,0,0,0,20250405,20250614
234458,0,0,0,0,0,0,0,20250322,20250614
234459,0,0,0,0,0,0,0,20250419,20250502
234460,0,0,0,0,0,0,0,20250407,20250411
234461,0,0,0,0,0,0,0,20250321,20250613
234462,0,0,0,0,0,0,0,20250420,20250504
234463,0,0,0,0,0,0,0,20250420,20250504
234464,0,0,0,0,0,0,0,20250426,20250426
234465,0,0,0,0,0,0,0,20250502,20250502
234466,0,0,0,0,0,0,0,20250407,20250411
234467,0,0,0,0,0,0,0,20250321,20250613
234468,0,0,0,0,0,0,0,20250321,20250613
234469,0,0,0,0,0,0,0,20250501,20250501
234470,0,0,0,0,0,0,0,20250321,20250613
234471,0,0,0,0,0,0,0,20250419,20250502
234472,0,0,0,0,0,0,0,20250419,20250502
234473,0,0,0,0,0,0,0,20250420,20250501
234474,0,0,0,0,0,0,0,20250420,20250504
234475,0,0,0,0,0,0,0,20250407,20250411
234476,0,0,0,0,0,0,0,20250420,20250504
234477,0,0,0,0,0,0,0,20250420,20250504
234478,0,0,0,0,0,0,0,20250420,20250504
234479,0,0,0,0,0,0,0,20250322,20250614
234480,0,0,0,0,0,0,0,20250321,20250613
234481,0,0,0,0,0,0,0,20250407,20250411
234482,0,0,0,0,0,0,0,20250321,20250613
234483,0,0,0,0,0,0,0,20250321,20250613
234484,0,0,0,0,0,0,0,20250321,20250613
234485,0,0,0,0,0,0,0,20250321,20250613
234486,0,0,0,0,0,0,0,20250321,20250613
234487,0,0,0,0,0,0,0,20250321,20250613
234488,0,0,0,0,0,0,0,20250321,20250613
234489,0,0,0,0,0,0,0,20250321,20250613
234490,0,0,0,0,0,0,0,20250321,20250613
234491,0,0,0,0,0,0,0,20250321,20250403
234492,0,0,0,0,0,0,0,20250321,20250613
234493,0,0,0,0,0,0,0,20250321,20250613
234494,0,0,0,0,0,0,0,20250404,20250613
234495,0,0,0,0,0,0,0,20250322,20250614
234496,0,0,0,0,0,0,0,20250405,20250614
234497,0,0,0,0,0,0,0,20250419,20250502
234498,0,0,0,0,0,0,0,20250503,20250504
234499,0,0,0,0,0,0,0,20250426,20250426
234500,0,0,0,0,0,0,0,20250426,20250426
234501,0,0,0,0,0,0,0,20250322,20250329
234502,0,0,0,0,0,0,0,20250407,20250411
234503,0,0,0,0,0,0,0,20250321,20250613
234504,0,0,0,0,0,0,0,20250322,20250614
234505,0,0,0,0,0,0,0,20250321,20250613
234506,0,0,0,0,0,0,0,20250510,20250614
234507,0,0,0,0,0,0,0,20250510,20250614
234508,0,0,0,0,0,0,0,20250322,20250329
234509,0,0,0,0,0,0,0,20250420,20250421
234510,0,0,0,0,0,0,0,20250322,20250329
234511,0,0,0,0,0,0,0,20250321,20250613
234512,0,0,0,0,0,0,0,20250321,20250613
234513,0,0,0,0,0,0,0,20250420,20250503
234514,0,0,0,0,0,0,0,20250420,20250504
234515,0,0,0,0,0,0,0,20250323,20250608
234516,0,0,0,0,0,0,0,20250501,20250501
234517,0,0,0,0,0,0,0,20250323,20250608
234518,0,0,0,0,0,0,0,20250419,20250502
234519,0,0,0,0,0,0,0,20250420,20250504
234520,0,0,0,0,0,0,0,20250322,20250614
234521,0,0,0,0,0,0,0,20250420,20250504
234522,0,0,0,0,0,0,0,20250321,20250613
234523,0,0,0,0,0,0,0,20250321,20250613
234524,0,0,0,0,0,0,0,20250321,20250613
234525,0,0,0,0,0,0,0,20250324,20250612
234526,0,0,0,0,0,0,0,20250324,20250612
234527,0,0,0,0,0,0,0,20250321,20250613
234528,0,0,0,0,0,0,0,20250419,20250502
234529,0,0,0,0,0,0,0,20250419,20250502
234530,0,0,0,0,0,0,0,20250419,20250502
234531,0,0,0,0,0,0,0,20250419,20250502
234532,0,0,0,0,0,0,0,20250419,20250502
234533,0,0,0,0,0,0,0,20250322,20250502
234534,0,0,0,0,0,0,0,20250419,20250502
234535,0,0,0,0,0,0,0,20250322,20250614
234536,0,0,0,0,0,0,0,20250419,20250502
234537,0,0,0,0,0,0,0,20250419,20250502
234538,0,0,0,0,0,0,0,20250322,20250614
234539,0,0,0,0,0,0,0,20250419,20250502
234540,0,0,0,0,0,0,0,20250419,20250502
234541,0,0,0,0,0,0,0,20250419,20250502
234542,0,0,0,0,0,0,0,20250419,20250502
234543,0,0,0,0,0,0,0,20250419,20250502
234544,0,0,0,0,0,0,0,20250419,20250502
234545,0,0,0,0,0,0,0,20250419,20250502
234546,0,0,0,0,0,0,0,20250321,20250613
234547,0,0,0,0,0,0,0,20250419,20250502
234548,0,0,0,0,0,0,0,20250321,20250613
234549,0,0,0,0,0,0,0,20250321,20250613
234550,0,0,0,0,0,0,0,20250321,20250613
234551,0,0,0,0,0,0,0,20250321,20250613
234552,0,0,0,0,0,0,0,20250321,20250613
234553,0,0,0,0,0,0,0,20250321,20250613
234554,0,0,0,0,0,0,0,20250321,20250613
234555,0,0,0,0,0,0,0,20250321,20250613
234556,0,0,0,0,0,0,0,20250420,20250504
234557,0,0,0,0,0,0,0,20250321,20250613
234558,0,0,0,0,0,0,0,20250321,20250613
234559,0,0,0,0,0,0,0,20250420,20250501
234560,0,0,0,0,0,0,0,20250321,20250613
234561,0,0,0,0,0,0,0,20250419,20250502
234562,0,0,0,0,0,0,0,20250406,20250608
234563,0,0,0,0,0,0,0,20250406,20250608
234564,0,0,0,0,0,0,0,20250419,20250502
234565,0,0,0,0,0,0,0,20250321,20250613
234566,0,0,0,0,0,0,0,20250419,20250502
234567,0,0,0,0,0,0,0,20250420,20250501
234568,0,0,0,0,0,0,0,20250419,20250504
234569,0,0,0,0,0,0,0,20250323,20250608
234570,0,0,0,0,0,0,0,20250427,20250501
234571,0,0,0,0,0,0,0,20250420,20250504
234572,0,0,0,0,0,0,0,20250419,20250502
234573,0,0,0,0,0,0,0,20250419,20250502
234574,0,0,0,0,0,0,0,20250419,20250502
234575,0,0,0,0,0,0,0,20250419,20250502
234576,0,0,0,0,0,0,0,20250322,20250614
234577,0,0,0,0,0,0,0,20250419,20250502
234578,0,0,0,0,0,0,0,20250419,20250502
234579,0,0,0,0,0,0,0,20250322,20250614
234580,0,0,0,0,0,0,0,20250419,20250502
234581,0,0,0,0,0,0,0,20250419,20250502
234582,0,0,0,0,0,0,0,20250419,20250502
234583,0,0,0,0,0,0,0,20250419,20250502
234584,0,0,0,0,0,0,0,20250419,20250502
234585,0,0,0,0,0,0,0,20250419,20250502
234586,0,0,0,0,0,0,0,20250419,20250502
234587,0,0,0,0,0,0,0,20250321,20250613
234588,0,0,0,0,0,0,0,20250321,20250613
234589,0,0,0,0,0,0,0,20250321,20250613
234590,0,0,0,0,0,0,0,20250321,20250613
234591,0,0,0,0,0,0,0,20250321,20250613
234592,0,0,0,0,0,0,0,20250321,20250613
234593,0,0,0,0,0,0,0,20250321,20250613
234594,0,0,0,0,0,0,0,20250321,20250613
234595,0,0,0,0,0,0,0,20250419,20250502
234596,0,0,0,0,0,0,0,20250321,20250613
234597,0,0,0,0,0,0,0,20250321,20250613
234598,0,0,0,0,0,0,0,20250321,20250613
234599,0,0,0,0,0,0,0,20250321,20250613
234600,0,0,0,0,0,0,0,20250321,20250613
234601,0,0,0,0,0,0,0,20250419,20250502
234602,0,0,0,0,0,0,0,20250321,20250613
234603,0,0,0,0,0,0,0,20250420,20250501
234604,0,0,0,0,0,0,0,20250406,20250504
234605,0,0,0,0,0,0,0,20250420,20250504
234606,0,0,0,0,0,0,0,20250420,20250501
234607,0,0,0,0,0,0,0,20250420,20250501
234608,0,0,0,0,0,0,0,20250420,20250504
234609,0,0,0,0,0,0,0,20250420,20250504
234610,0,0,0,0,0,0,0,20250420,20250504
234611,0,0,0,0,0,0,0,20250420,20250504
234612,0,0,0,0,0,0,0,20250420,20250504
234613,0,0,0,0,0,0,0,20250420,20250501
234614,0,0,0,0,0,0,0,20250420,20250504
234615,0,0,0,0,0,0,0,20250323,20250608
234616,0,0,0,0,0,0,0,20250322,20250614
234617,0,0,0,0,0,0,0,20250419,20250502
234618,0,0,0,0,0,0,0,20250419,20250502
234619,0,0,0,0,0,0,0,20250419,20250502
234620,0,0,0,0,0,0,0,20250322,20250614
234621,0,0,0,0,0,0,0,20250419,20250502
234622,0,0,0,0,0,0,0,20250419,20250502
234623,0,0,0,0,0,0,0,20250419,20250502
234624,0,0,0,0,0,0,0,20250322,20250614
234625,0,0,0,0,0,0,0,20250419,20250614
234626,0,0,0,0,0,0,0,20250419,20250502
234627,0,0,0,0,0,0,0,20250419,20250502
234628,0,0,0,0,0,0,0,20250419,20250502
234629,0,0,0,0,0,0,0,20250419,20250502
234630,0,0,0,0,0,0,0,20250419,20250502
234631,0,0,0,0,0,0,0,20250419,20250502
234632,0,0,0,0,0,0,0,20250419,20250502
234633,0,0,0,0,0,0,0,20250419,20250502
234634,0,0,0,0,0,0,0,20250419,20250502
234635,0,0,0,0,0,0,0,20250419,20250502
234636,0,0,0,0,0,0,0,20250321,20250613
234637,0,0,0,0,0,0,0,20250321,20250613
234638,0,0,0,0,0,0,0,20250321,20250613
234639,0,0,0,0,0,0,0,20250321,20250613
234640,0,0,0,0,0,0,0,20250321,20250613
234641,0,0,0,0,0,0,0,20250321,20250613
234642,0,0,0,0,0,0,0,20250321,20250613
234643,0,0,0,0,0,0,0,20250420,20250501
234644,0,0,0,0,0,0,0,20250420,20250504
234645,0,0,0,0,0,0,0,20250420,20250504
234646,0,0,0,0,0,0,0,20250406,20250504
234647,0,0,0,0,0,0,0,20250420,20250504
234648,0,0,0,0,0,0,0,20250323,20250608
234649,0,0,0,0,0,0,0,20250420,20250504
234650,0,0,0,0,0,0,0,20250420,20250504
234651,0,0,0,0,0,0,0,20250420,20250421
234652,0,0,0,0,0,0,0,20250420,20250504
234653,0,0,0,0,0,0,0,20250420,20250504
234654,0,0,0,0,0,0,0,20250420,20250504
234655,0,0,0,0,0,0,0,20250407,20250411
234656,0,0,0,0,0,0,0,20250501,20250501
234657,0,0,0,0,0,0,0,20250501,20250501
234658,0,0,0,0,0,0,0,20250501,20250501
234659,0,0,0,0,0,0,0,20250420,20250504
234660,0,0,0,0,0,0,0,20250420,20250504
234661,0,0,0,0,0,0,0,20250321,20250613
234662,0,0,0,0,0,0,0,20250321,20250613
234663,0,0,0,0,0,0,0,20250321,20250613
234664,0,0,0,0,0,0,0,20250321,20250613
234665,0,0,0,0,0,0,0,20250321,20250613
234666,0,0,0,0,0,0,0,20250321,20250613
234667,0,0,0,0,0,0,0,20250321,20250613
234668,0,0,0,0,0,0,0,20250321,20250613
234669,0,0,0,0,0,0,0,20250321,20250613
234670,0,0,0,0,0,0,0,20250510,20250614
234671,0,0,0,0,0,0,0,20250407,20250411
234672,0,0,0,0,0,0,0,20250407,20250411
234673,0,0,0,0,0,0,0,20250407,20250411
234674,0,0,0,0,0,0,0,20250407,20250411
234675,0,0,0,0,0,0,0,20250407,20250411
234676,0,0,0,0,0,0,0,20250407,20250411
234677,0,0,0,0,0,0,0,20250407,20250411
234678,0,0,0,0,0,0,0,20250407,20250411
234679,0,0,0,0,0,0,0,20250407,20250411
234680,0,0,0,0,0,0,0,20250407,20250411
234681,0,0,0,0,0,0,0,20250407,20250411
234682,0,0,0,0,0,0,0,20250419,20250502
234683,0,0,0,0,0,0,0,20250321,20250613
234684,0,0,0,0,0,0,0,20250321,20250613
234685,0,0,0,0,0,0,0,20250321,20250613
234686,0,0,0,0,0,0,0,20250321,20250613
234687,0,0,0,0,0,0,0,20250321,20250613
234688,0,0,0,0,0,0,0,20250321,20250613
234689,0,0,0,0,0,0,0,20250321,20250613
234690,0,0,0,0,0,0,0,20250407,20250411
234691,0,0,0,0,0,0,0,20250407,20250411
234692,0,0,0,0,0,0,0,20250407,20250411
234693,0,0,0,0,0,0,0,20250427,20250427
234694,0,0,0,0,0,0,0,20250510,20250614
234695,0,0,0,0,0,0,0,20250420,20250504
234696,0,0,0,0,0,0,0,20250406,20250608
234697,0,0,0,0,0,0,0,20250420,20250504
234698,0,0,0,0,0,0,0,20250420,20250504
234699,0,0,0,0,0,0,0,20250501,20250501
234700,0,0,0,0,0,0,0,20250420,20250504
234701,0,0,0,0,0,0,0,20250321,20250613
234702,0,0,0,0,0,0,0,20250321,20250613
234703,0,0,0,0,0,0,0,20250321,20250613
234704,0,0,0,0,0,0,0,20250420,20250504
234705,0,0,0,0,0,0,0,20250420,20250608
234706,0,0,0,0,0,0,0,20250420,20250504
234707,0,0,0,0,0,0,0,20250420,20250501
234708,0,0,0,0,0,0,0,20250420,20250501
234709,0,0,0,0,0,0,0,20250420,20250421
234710,0,0,0,0,0,0,0,20250407,20250411
234711,0,0,0,0,0,0,0,20250407,20250411
234712,0,0,0,0,0,0,0,20250427,20250427
234713,0,0,0,0,0,0,0,20250420,20250504
234714,0,0,0,0,0,0,0,20250427,20250501
234715,0,0,0,0,0,0,0,20250420,20250421
234716,0,0,0,0,0,0,0,20250420,20250504
234717,0,0,0,0,0,0,0,20250420,20250504
234718,0,0,0,0,0,0,0,20250324,20250612
234719,0,0,0,0,0,0,0,20250321,20250328
234720,0,0,0,0,0,0,0,20250511,20250608
234721,0,0,0,0,0,0,0,20250501,20250501
234722,0,0,0,0,0,0,0,20250405,20250412
234723,0,0,0,0,0,0,0,20250407,20250411
234724,0,0,0,0,0,0,0,20250323,20250608
234725,0,0,0,0,0,0,0,20250323,20250608
234726,0,0,0,0,0,0,0,20250322,20250614
234727,0,0,0,0,0,0,0,20250406,20250413
234728,0,0,0,0,0,0,0,20250405,20250614
234729,0,0,0,0,0,0,0,20250322,20250614
234730,0,0,0,0,0,0,0,20250501,20250504
234731,0,0,0,0,0,0,0,20250510,20250614
234732,0,0,0,0,0,0,0,20250511,20250608
234733,0,0,0,0,0,0,0,20250511,20250608
234734,0,0,0,0,0,0,0,20250511,20250608
234735,0,0,0,0,0,0,0,20250323,20250608
234736,0,0,0,0,0,0,0,20250420,20250504
234737,0,0,0,0,0,0,0,20250420,20250501
234738,0,0,0,0,0,0,0,20250420,20250504
234739,0,0,0,0,0,0,0,20250420,20250504
234740,0,0,0,0,0,0,0,20250420,20250421
234741,0,0,0,0,0,0,0,20250323,20250608
234742,0,0,0,0,0,0,0,20250501,20250501
234743,0,0,0,0,0,0,0,20250420,20250504
234744,0,0,0,0,0,0,0,20250420,20250504
234745,0,0,0,0,0,0,0,20250321,20250613
234746,0,0,0,0,0,0,0,20250321,20250613
234747,0,0,0,0,0,0,0,20250321,20250613
234748,0,0,0,0,0,0,0,20250406,20250413
234749,0,0,0,0,0,0,0,20250407,20250411
234750,0,0,0,0,0,0,0,20250407,20250411
234751,0,0,0,0,0,0,0,20250407,20250411
234752,0,0,0,0,0,0,0,20250407,20250411
234753,0,0,0,0,0,0,0,20250407,20250411
234754,0,0,0,0,0,0,0,20250407,20250411
234755,0,0,0,0,0,0,0,20250407,20250411
234756,0,0,0,0,0,0,0,20250419,20250502
234757,0,0,0,0,0,0,0,20250419,20250502
234758,0,0,0,0,0,0,0,20250419,20250502
234759,0,0,0,0,0,0,0,20250419,20250502
234760,0,0,0,0,0,0,0,20250511,20250608
234761,0,0,0,0,0,0,0,20250407,20250411
234762,0,0,0,0,0,0,0,20250503,20250504
234763,0,0,0,0,0,0,0,20250419,20250502
234764,0,0,0,0,0,0,0,20250426,20250426
234765,0,0,0,0,0,0,0,20250321,20250613
234766,0,0,0,0,0,0,0,20250322,20250614
234767,0,0,0,0,0,0,0,20250321,20250613
234768,0,0,0,0,0,0,0,20250321,20250613
234769,0,0,0,0,0,0,0,20250321,20250613
234770,0,0,0,0,0,0,0,20250321,20250613
234771,0,0,0,0,0,0,0,20250321,20250613
234772,0,0,0,0,0,0,0,20250323,20250608
234773,0,0,0,0,0,0,0,20250419,20250502
234774,0,0,0,0,0,0,0,20250321,20250613
234775,0,0,0,0,0,0,0,20250321,20250613
234776,0,0,0,0,0,0,0,20250321,20250613
234777,0,0,0,0,0,0,0,20250321,20250613
234778,0,0,0,0,0,0,0,20250321,20250613
234779,0,0,0,0,0,0,0,20250321,20250613
234780,0,0,0,0,0,0,0,20250321,20250613
234781,0,0,0,0,0,0,0,20250321,20250613
234782,0,0,0,0,0,0,0,20250321,20250613
234783,0,0,0,0,0,0,0,20250321,20250613
234784,0,0,0,0,0,0,0,20250321,20250403
234785,0,0,0,0,0,0,0,20250321,20250613
234786,0,0,0,0,0,0,0,20250321,20250613
234787,0,0,0,0,0,0,0,20250321,20250613
234788,0,0,0,0,0,0,0,20250419,20250502
234789,0,0,0,0,0,0,0,20250419,20250502
234790,0,0,0,0,0,0,0,20250407,20250411
234791,0,0,0,0,0,0,0,20250407,20250411
234792,0,0,0,0,0,0,0,20250407,20250411
234793,0,0,0,0,0,0,0,20250501,20250501
234794,0,0,0,0,0,0,0,20250419,20250502
234795,0,0,0,0,0,0,0,20250419,20250502
234796,0,0,0,0,0,0,0,20250419,20250502
234797,0,0,0,0,0,0,0,20250419,20250502
234798,0,0,0,0,0,0,0,20250419,20250502
234799,0,0,0,0,0,0,0,20250321,20250613
234800,0,0,0,0,0,0,0,20250321,20250613
234801,0,0,0,0,0,0,0,20250321,20250613
234802,0,0,0,0,0,0,0,20250321,20250613
234803,0,0,0,0,0,0,0,20250321,20250613
234804,0,0,0,0,0,0,0,20250321,20250613
234805,0,0,0,0,0,0,0,20250321,20250613
234806,0,0,0,0,0,0,0,20250321,20250613
234807,0,0,0,0,0,0,0,20250321,20250613
234808,0,0,0,0,0,0,0,20250321,20250613
234809,0,0,0,0,0,0,0,20250321,20250613
234810,0,0,0,0,0,0,0,20250419,20250502
234811,0,0,0,0,0,0,0,20250419,20250502
234812,0,0,0,0,0,0,0,20250419,20250502
234813,0,0,0,0,0,0,0,20250322,20250614
234814,0,0,0,0,0,0,0,20250322,20250412
234815,0,0,0,0,0,0,0,20250501,20250608
234816,0,0,0,0,0,0,0,20250420,20250501
234817,0,0,0,0,0,0,0,20250323,20250608
234818,0,0,0,0,0,0,0,20250420,20250504
234819,0,0,0,0,0,0,0,20250420,20250504
234820,0,0,0,0,0,0,0,20250420,20250504
234821,0,0,0,0,0,0,0,20250323,20250608
234822,0,0,0,0,0,0,0,20250420,20250504
234823,0,0,0,0,0,0,0,20250420,20250501
234824,0,0,0,0,0,0,0,20250501,20250501
234825,0,0,0,0,0,0,0,20250323,20250608
234826,0,0,0,0,0,0,0,20250511,20250608
234827,0,0,0,0,0,0,0,20250511,20250608
234828,0,0,0,0,0,0,0,20250511,20250608
234829,0,0,0,0,0,0,0,20250321,20250613
234830,0,0,0,0,0,0,0,20250407,20250411
234831,0,0,0,0,0,0,0,20250407,20250411
234832,0,0,0,0,0,0,0,20250407,20250411
234833,0,0,0,0,0,0,0,20250405,20250412
234834,0,0,0,0,0,0,0,20250407,20250411
234835,0,0,0,0,0,0,0,20250407,20250411
234836,0,0,0,0,0,0,0,20250321,20250613
234837,0,0,0,0,0,0,0,20250321,20250613
234838,0,0,0,0,0,0,0,20250321,20250613
234839,0,0,0,0,0,0,0,20250321,20250613
234840,0,0,0,0,0,0,0,20250321,20250613
234841,0,0,0,0,0,0,0,20250321,20250613
234842,0,0,0,0,0,0,0,20250321,20250613
234843,0,0,0,0,0,0,0,20250419,20250504
234844,0,0,0,0,0,0,0,20250321,20250613
234845,0,0,0,0,0,0,0,20250419,20250419
234846,0,0,0,0,0,0,0,20250321,20250613
234847,0,0,0,0,0,0,0,20250419,20250419
234848,0,0,0,0,0,0,0,20250420,20250501
234849,0,0,0,0,0,0,0,20250321,20250613
234850,0,0,0,0,0,0,0,20250321,20250613
234851,0,0,0,0,0,0,0,20250324,20250613
234852,0,0,0,0,0,0,0,20250324,20250613
234853,0,0,0,0,0,0,0,20250321,20250613
234854,0,0,0,0,0,0,0,20250321,20250613
234855,0,0,0,0,0,0,0,20250321,20250613
234856,0,0,0,0,0,0,0,20250321,20250613
234857,0,0,0,0,0,0,0,20250321,20250613
234858,0,0,0,0,0,0,0,20250321,20250613
234859,0,0,0,0,0,0,0,20250321,20250613
234860,0,0,0,0,0,0,0,20250321,20250613
234861,0,0,0,0,0,0,0,20250407,20250411
234862,0,0,0,0,0,0,0,20250407,20250411
234863,0,0,0,0,0,0,0,20250322,20250614
234864,0,0,0,0,0,0,0,20250321,20250613
234865,0,0,0,0,0,0,0,20250419,20250502
234866,0,0,0,0,0,0,0,20250407,20250411
234867,0,0,0,0,0,0,0,20250323,20250330
234868,0,0,0,0,0,0,0,20250322,20250329
234869,0,0,0,0,0,0,0,20250405,20250412
234870,0,0,0,0,0,0,0,20250427,20250427
234871,0,0,0,0,0,0,0,20250420,20250421
234872,0,0,0,0,0,0,0,20250321,20250613
234873,0,0,0,0,0,0,0,20250321,20250613
234874,0,0,0,0,0,0,0,20250321,20250613
234875,0,0,0,0,0,0,0,20250321,20250613
234876,0,0,0,0,0,0,0,20250322,20250614
234877,0,0,0,0,0,0,0,20250420,20250504
234878,0,0,0,0,0,0,0,20250511,20250608
234879,0,0,0,0,0,0,0,20250510,20250614
234880,0,0,0,0,0,0,0,20250510,20250614
234881,0,0,0,0,0,0,0,20250510,20250614
234882,0,0,0,0,0,0,0,20250510,20250614
234883,0,0,0,0,0,0,0,20250510,20250614
234884,0,0,0,0,0,0,0,20250510,20250614
234885,0,0,0,0,0,0,0,20250511,20250608
234886,0,0,0,0,0,0,0,20250511,20250608
234887,0,0,0,0,0,0,0,20250518,20250608
234888,0,0,0,0,0,0,0,20250322,20250329
234889,0,0,0,0,0,0,0,20250324,20250331
234890,0,0,0,0,0,0,0,20250321,20250328
234891,0,0,0,0,0,0,0,20250321,20250328
234892,0,0,0,0,0,0,0,20250322,20250329
234893,0,0,0,0,0,0,0,20250322,20250329
234894,0,0,0,0,0,0,0,20250323,20250330
234895,0,0,0,0,0,0,0,20250323,20250330
234896,0,0,0,0,0,0,0,20250323,20250330
234897,0,0,0,0,0,0,0,20250405,20250412
234898,0,0,0,0,0,0,0,20250405,20250412
234899,0,0,0,0,0,0,0,20250503,20250504
234900,0,0,0,0,0,0,0,20250503,20250503
234901,0,0,0,0,0,0,0,20250503,20250504
234902,0,0,0,0,0,0,0,20250503,20250504
234903,0,0,0,0,0,0,0,20250503,20250504
234904,0,0,0,0,0,0,0,20250503,20250504
234905,0,0,0,0,0,0,0,20250503,20250504
234906,0,0,0,0,0,0,0,20250503,20250504
234907,0,0,0,0,0,0,0,20250427,20250427
234908,0,0,0,0,0,0,0,20250427,20250427
234909,0,0,0,0,0,0,0,20250427,20250427
234910,0,0,0,0,0,0,0,20250427,20250427
234911,0,0,0,0,0,0,0,20250427,20250427
234912,0,0,0,0,0,0,0,20250427,20250427
234913,0,0,0,0,0,0,0,20250427,20250427
234914,0,0,0,0,0,0,0,20250427,20250427
234915,0,0,0,0,0,0,0,20250427,20250427
234916,0,0,0,0,0,0,0,20250427,20250427
234917,0,0,0,0,0,0,0,20250322,20250329
234918,0,0,0,0,0,0,0,20250321,20250613
234919,0,0,0,0,0,0,0,20250407,20250411
234920,0,0,0,0,0,0,0,20250407,20250411
234921,0,0,0,0,0,0,0,20250407,20250411
234922,0,0,0,0,0,0,0,20250407,20250411
234923,0,0,0,0,0,0,0,20250407,20250411
234924,0,0,0,0,0,0,0,20250407,20250411
234925,0,0,0,0,0,0,0,20250322,20250329
234926,0,0,0,0,0,0,0,20250322,20250329
234927,0,0,0,0,0,0,0,20250322,20250329
234928,0,0,0,0,0,0,0,20250322,20250329
234929,0,0,0,0,0,0,0,20250322,20250329
234930,0,0,0,0,0,0,0,20250322,20250329
234931,0,0,0,0,0,0,0,20250323,20250330
234932,0,0,0,0,0,0,0,20250323,20250323
234933,0,0,0,0,0,0,0,20250405,20250412
234934,0,0,0,0,0,0,0,20250405,20250412
234935,0,0,0,0,0,0,0,20250406,20250413
234936,0,0,0,0,0,0,0,20250406,20250413
234937,0,0,0,0,0,0,0,20250405,20250412
234938,0,0,0,0,0,0,0,20250426,20250426
234939,0,0,0,0,0,0,0,20250426,20250426
234940,0,0,0,0,0,0,0,20250426,20250426
234941,0,0,0,0,0,0,0,20250426,20250426
234942,0,0,0,0,0,0,0,20250426,20250426
234943,0,0,0,0,0,0,0,20250426,20250426
234944,0,0,0,0,0,0,0,20250426,20250426
234945,0,0,0,0,0,0,0,20250426,20250426
234946,0,0,0,0,0,0,0,20250426,20250426
234947,0,0,0,0,0,0,0,20250426,20250426
234948,0,0,0,0,0,0,0,20250426,20250426
234949,0,0,0,0,0,0,0,20250426,20250426
234950,0,0,0,0,0,0,0,20250503,20250504
234951,0,0,0,0,0,0,0,20250503,20250504
234952,0,0,0,0,0,0,0,20250419,20250502
234953,0,0,0,0,0,0,0,20250322,20250614
234954,0,0,0,0,0,0,0,20250321,20250613
234955,0,0,0,0,0,0,0,20250321,20250613
234956,0,0,0,0,0,0,0,20250321,20250613
234957,0,0,0,0,0,0,0,20250321,20250613
234958,0,0,0,0,0,0,0,20250420,20250504
234959,0,0,0,0,0,0,0,20250501,20250501
234960,0,0,0,0,0,0,0,20250420,20250421
234961,0,0,0,0,0,0,0,20250503,20250504
234962,0,0,0,0,0,0,0,20250406,20250413
234963,0,0,0,0,0,0,0,20250503,20250504
234964,0,0,0,0,0,0,0,20250503,20250504
234965,0,0,0,0,0,0,0,20250503,20250504
234966,0,0,0,0,0,0,0,20250503,20250504
234967,0,0,0,0,0,0,0,20250503,20250504
234968,0,0,0,0,0,0,0,20250503,20250504
234969,0,0,0,0,0,0,0,20250503,20250504
234970,0,0,0,0,0,0,0,20250503,20250504
234971,0,0,0,0,0,0,0,20250426,20250426
234972,0,0,0,0,0,0,0,20250426,20250426
234973,0,0,0,0,0,0,0,20250426,20250426
234974,0,0,0,0,0,0,0,20250510,20250614
234975,0,0,0,0,0,0,0,20250511,20250608
234976,0,0,0,0,0,0,0,20250419,20250502
234977,0,0,0,0,0,0,0,20250419,20250502
234978,0,0,0,0,0,0,0,20250419,20250502
234979,0,0,0,0,0,0,0,20250419,20250502
234980,0,0,0,0,0,0,0,20250419,20250502
234981,0,0,0,0,0,0,0,20250419,20250502
234982,0,0,0,0,0,0,0,20250419,20250502
234983,0,0,0,0,0,0,0,20250321,20250613
234984,0,0,0,0,0,0,0,20250407,20250411
234985,0,0,0,0,0,0,0,20250419,20250502
234986,0,0,0,0,0,0,0,20250419,20250502
234987,0,0,0,0,0,0,0,20250321,20250613
234988,0,0,0,0,0,0,0,20250321,20250613
234989,0,0,0,0,0,0,0,20250407,20250411
234990,0,0,0,0,0,0,0,20250510,20250614
234991,0,0,0,0,0,0,0,20250405,20250412
234992,0,0,0,0,0,0,0,20250405,20250405
234993,0,0,0,0,0,0,0,20250406,20250413
234994,0,0,0,0,0,0,0,20250406,20250413
234995,0,0,0,0,0,0,0,20250406,20250413
234996,0,0,0,0,0,0,0,20250405,20250412
234997,0,0,0,0,0,0,0,20250406,20250413
234998,0,0,0,0,0,0,0,20250405,20250412
234999,0,0,0,0,0,0,0,20250419,20250502
235000,0,0,0,0,0,0,0,20250419,20250502
235001,0,0,0,0,0,0,0,20250406,20250413
235002,0,0,0,0,0,0,0,20250406,20250413
235003,0,0,0,0,0,0,0,20250426,20250426
235004,0,0,0,0,0,0,0,20250406,20250413
235005,0,0,0,0,0,0,0,20250427,20250427
235006,0,0,0,0,0,0,0,20250426,20250426
235007,0,0,0,0,0,0,0,20250419,20250502
235008,0,0,0,0,0,0,0,20250323,20250608
235009,0,0,0,0,0,0,0,20250510,20250614
235010,0,0,0,0,0,0,0,20250405,20250412
235011,0,0,0,0,0,0,0,20250427,20250427
235012,0,0,0,0,0,0,0,20250322,20250329
235013,0,0,0,0,0,0,0,20250501,20250501
235014,0,0,0,0,0,0,0,20250321,20250613
235015,0,0,0,0,0,0,0,20250511,20250511
235016,0,0,0,0,0,0,0,20250419,20250502
235017,0,0,0,0,0,0,0,20250419,20250502
235018,0,0,0,0,0,0,0,20250502,20250502
235019,0,0,0,0,0,0,0,20250322,20250502
235020,0,0,0,0,0,0,0,20250419,20250502
235021,0,0,0,0,0,0,0,20250419,20250502
235022,0,0,0,0,0,0,0,20250419,20250502
235023,0,0,0,0,0,0,0,20250419,20250502
235024,0,0,0,0,0,0,0,20250419,20250502
235025,0,0,0,0,0,0,0,20250323,20250608
235026,0,0,0,0,0,0,0,20250419,20250502
235027,0,0,0,0,0,0,0,20250419,20250502
235028,0,0,0,0,0,0,0,20250419,20250419
235029,0,0,0,0,0,0,0,20250420,20250504
235030,0,0,0,0,0,0,0,20250420,20250504
235031,0,0,0,0,0,0,0,20250501,20250504
235032,0,0,0,0,0,0,0,20250323,20250330
235033,0,0,0,0,0,0,0,20250323,20250330
235034,0,0,0,0,0,0,0,20250323,20250330
235035,0,0,0,0,0,0,0,20250322,20250329
235036,0,0,0,0,0,0,0,20250322,20250329
235037,0,0,0,0,0,0,0,20250427,20250427
235038,0,0,0,0,0,0,0,20250427,20250427
235039,0,0,0,0,0,0,0,20250427,20250427
235040,0,0,0,0,0,0,0,20250427,20250427
235041,0,0,0,0,0,0,0,20250427,20250427
235042,0,0,0,0,0,0,0,20250427,20250427
235043,0,0,0,0,0,0,0,20250503,20250504
235044,0,0,0,0,0,0,0,20250322,20250502
235045,0,0,0,0,0,0,0,20250420,20250421
235046,0,0,0,0,0,0,0,20250321,20250613
235047,0,0,0,0,0,0,0,20250510,20250614
235048,0,0,0,0,0,0,0,20250427,20250427
235049,0,0,0,0,0,0,0,20250405,20250412
235050,0,0,0,0,0,0,0,20250405,20250412
235051,0,0,0,0,0,0,0,20250602,20250613
235052,0,0,0,0,0,0,0,20250603,20250613
235053,0,0,0,0,0,0,0,20250602,20250609
235054,0,0,0,0,0,0,0,20250602,20250613
235055,0,0,0,0,0,0,0,20250324,20250612
235056,0,0,0,0,0,0,0,20250324,20250612
235057,0,0,0,0,0,0,0,20250324,20250612
235058,0,0,0,0,0,0,0,20250419,20250502
235059,0,0,0,0,0,0,0,20250322,20250329
235060,0,0,0,0,0,0,0,20250510,20250614
235061,0,0,0,0,0,0,0,20250510,20250614
235062,0,0,0,0,0,0,0,20250322,20250329
235063,0,0,0,0,0,0,0,20250323,20250330
235064,0,0,0,0,0,0,0,20250323,20250330
235065,0,0,0,0,0,0,0,20250323,20250330
235066,0,0,0,0,0,0,0,20250405,20250412
235067,0,0,0,0,0,0,0,20250406,20250413
235068,0,0,0,0,0,0,0,20250405,20250412
235069,0,0,0,0,0,0,0,20250406,20250413
235070,0,0,0,0,0,0,0,20250406,20250413
235071,0,0,0,0,0,0,0,20250323,20250330
235072,0,0,0,0,0,0,0,20250323,20250330
235073,0,0,0,0,0,0,0,20250322,20250329
235074,0,0,0,0,0,0,0,20250322,20250329
235075,0,0,0,0,0,0,0,20250405,20250412
235076,0,0,0,0,0,0,0,20250321,20250613
235077,0,0,0,0,0,0,0,20250321,20250613
235078,0,0,0,0,0,0,0,20250321,20250613
235079,0,0,0,0,0,0,0,20250321,20250613
235080,0,0,0,0,0,0,0,20250321,20250613
235081,0,0,0,0,0,0,0,20250321,20250613
235082,0,0,0,0,0,0,0,20250321,20250613
235083,0,0,0,0,0,0,0,20250321,20250613
235084,0,0,0,0,0,0,0,20250321,20250613
235085,0,0,0,0,0,0,0,20250321,20250613
235086,0,0,0,0,0,0,0,20250321,20250613
235087,0,0,0,0,0,0,0,20250321,20250613
235088,0,0,0,0,0,0,0,20250321,20250613
235089,0,0,0,0,0,0,0,20250321,20250613
235090,0,0,0,0,0,0,0,20250321,20250613
235091,0,0,0,0,0,0,0,20250321,20250613
235092,0,0,0,0,0,0,0,20250321,20250613
235093,0,0,0,0,0,0,0,20250321,20250613
235094,0,0,0,0,0,0,0,20250321,20250613
235095,0,0,0,0,0,0,0,20250321,20250613
235096,0,0,0,0,0,0,0,20250321,20250613
235097,0,0,0,0,0,0,0,20250321,20250613
235098,0,0,0,0,0,0,0,20250321,20250613
235099,0,0,0,0,0,0,0,20250321,20250613
235100,0,0,0,0,0,0,0,20250602,20250613
235101,0,0,0,0,0,0,0,20250324,20250331
235102,0,0,0,0,0,0,0,20250324,20250609
235103,0,0,0,0,0,0,0,20250324,20250609
235104,0,0,0,0,0,0,0,20250324,20250609
235105,0,0,0,0,0,0,0,20250324,20250609
235106,0,0,0,0,0,0,0,20250324,20250609
235107,0,0,0,0,0,0,0,20250321,20250613
235108,0,0,0,0,0,0,0,20250418,20250613
235109,0,0,0,0,0,0,0,20250321,20250328
235110,0,0,0,0,0,0,0,20250404,20250404
235111,0,0,0,0,0,0,0,20250324,20250609
235112,0,0,0,0,0,0,0,20250324,20250609
235113,0,0,0,0,0,0,0,20250323,20250330
235114,0,0,0,0,0,0,0,20250323,20250330
235115,0,0,0,0,0,0,0,20250323,20250330
235116,0,0,0,0,0,0,0,20250323,20250330
235117,0,0,0,0,0,0,0,20250323,20250330
235118,0,0,0,0,0,0,0,20250323,20250330
235119,0,0,0,0,0,0,0,20250323,20250330
235120,0,0,0,0,0,0,0,20250323,20250330
235121,0,0,0,0,0,0,0,20250323,20250330
235122,0,0,0,0,0,0,0,20250323,20250330
235123,0,0,0,0,0,0,0,20250323,20250330
235124,0,0,0,0,0,0,0,20250323,20250330
235125,0,0,0,0,0,0,0,20250323,20250330
235126,0,0,0,0,0,0,0,20250323,20250330
235127,0,0,0,0,0,0,0,20250323,20250323
235128,0,0,0,0,0,0,0,20250323,20250323
235129,0,0,0,0,0,0,0,20250323,20250323
235130,0,0,0,0,0,0,0,20250323,20250330
235131,0,0,0,0,0,0,0,20250323,20250330
235132,0,0,0,0,0,0,0,20250323,20250330
235133,0,0,0,0,0,0,0,20250323,20250330
235134,0,0,0,0,0,0,0,20250322,20250329
235135,0,0,0,0,0,0,0,20250322,20250329
235136,0,0,0,0,0,0,0,20250322,20250329
235137,0,0,0,0,0,0,0,20250322,20250329
235138,0,0,0,0,0,0,0,20250322,20250329
235139,0,0,0,0,0,0,0,20250322,20250329
235140,0,0,0,0,0,0,0,20250322,20250329
235141,0,0,0,0,0,0,0,20250322,20250329
235142,0,0,0,0,0,0,0,20250322,20250329
235143,0,0,0,0,0,0,0,20250322,20250329
235144,0,0,0,0,0,0,0,20250321,20250613
235145,0,0,0,0,0,0,0,20250321,20250613
235146,0,0,0,0,0,0,0,20250321,20250613
235147,0,0,0,0,0,0,0,20250321,20250613
235148,0,0,0,0,0,0,0,20250321,20250613
235149,0,0,0,0,0,0,0,20250321,20250613
235150,0,0,0,0,0,0,0,20250321,20250613
235151,0,0,0,0,0,0,0,20250321,20250613
235152,0,0,0,0,0,0,0,20250321,20250613
235153,0,0,0,0,0,0,0,20250321,20250613
235154,0,0,0,0,0,0,0,20250321,20250613
235155,0,0,0,0,0,0,0,20250321,20250613
235156,0,0,0,0,0,0,0,20250321,20250613
235157,0,0,0,0,0,0,0,20250323,20250330
235158,0,0,0,0,0,0,0,20250323,20250330
235159,0,0,0,0,0,0,0,20250323,20250330
235160,0,0,0,0,0,0,0,20250323,20250330
235161,0,0,0,0,0,0,0,20250323,20250323
235162,0,0,0,0,0,0,0,20250323,20250323
235163,0,0,0,0,0,0,0,20250323,20250330
235164,0,0,0,0,0,0,0,20250323,20250330
235165,0,0,0,0,0,0,0,20250323,20250330
235166,0,0,0,0,0,0,0,20250323,20250330
235167,0,0,0,0,0,0,0,20250323,20250330
235168,0,0,0,0,0,0,0,20250323,20250330
235169,0,0,0,0,0,0,0,20250323,20250330
235170,0,0,0,0,0,0,0,20250323,20250330
235171,0,0,0,0,0,0,0,20250323,20250330
235172,0,0,0,0,0,0,0,20250323,20250330
235173,0,0,0,0,0,0,0,20250323,20250330
235174,0,0,0,0,0,0,0,20250323,20250330
235175,0,0,0,0,0,0,0,20250323,20250330
235176,0,0,0,0,0,0,0,20250322,20250329
235177,0,0,0,0,0,0,0,20250322,20250329
235178,0,0,0,0,0,0,0,20250322,20250329
235179,0,0,0,0,0,0,0,20250322,20250329
235180,0,0,0,0,0,0,0,20250322,20250329
235181,0,0,0,0,0,0,0,20250322,20250329
235182,0,0,0,0,0,0,0,20250322,20250329
235183,0,0,0,0,0,0,0,20250322,20250329
235184,0,0,0,0,0,0,0,20250322,20250329
235185,0,0,0,0,0,0,0,20250322,20250329
235186,0,0,0,0,0,0,0,20250322,20250329
235187,0,0,0,0,0,0,0,20250322,20250329
235188,0,0,0,0,0,0,0,20250322,20250329
235189,0,0,0,0,0,0,0,20250322,20250329
235190,0,0,0,0,0,0,0,20250322,20250329
235191,0,0,0,0,0,0,0,20250322,20250329
235192,0,0,0,0,0,0,0,20250322,20250329
235193,0,0,0,0,0,0,0,20250322,20250329
235194,0,0,0,0,0,0,0,20250322,20250329
235195,0,0,0,0,0,0,0,20250322,20250329
235196,0,0,0,0,0,0,0,20250322,20250329
235197,0,0,0,0,0,0,0,20250322,20250329
235198,0,0,0,0,0,0,0,20250322,20250329
235199,0,0,0,0,0,0,0,20250322,20250329
235200,0,0,0,0,0,0,0,20250322,20250329
235201,0,0,0,0,0,0,0,20250322,20250329
235202,0,0,0,0,0,0,0,20250407,20250411
235203,0,0,0,0,0,0,0,20250407,20250411
235204,0,0,0,0,0,0,0,20250407,20250411
235205,0,0,0,0,0,0,0,20250407,20250411
235206,0,0,0,0,0,0,0,20250407,20250411
235207,0,0,0,0,0,0,0,20250407,20250411
235208,0,0,0,0,0,0,0,20250407,20250411
235209,0,0,0,0,0,0,0,20250407,20250411
235210,0,0,0,0,0,0,0,20250407,20250411
235211,0,0,0,0,0,0,0,20250321,20250613
235212,0,0,0,0,0,0,0,20250321,20250613
235213,0,0,0,0,0,0,0,20250321,20250613
235214,0,0,0,0,0,0,0,20250321,20250613
235215,0,0,0,0,0,0,0,20250321,20250613
235216,0,0,0,0,0,0,0,20250321,20250613
235217,0,0,0,0,0,0,0,20250321,20250613
235218,0,0,0,0,0,0,0,20250321,20250613
235219,0,0,0,0,0,0,0,20250321,20250613
235220,0,0,0,0,0,0,0,20250321,20250613
235221,0,0,0,0,0,0,0,20250405,20250405
235222,0,0,0,0,0,0,0,20250426,20250426
235223,0,0,0,0,0,0,0,20250426,20250426
235224,0,0,0,0,0,0,0,20250321,20250613
235225,0,0,0,0,0,0,0,20250321,20250613
235226,0,0,0,0,0,0,0,20250321,20250613
235227,0,0,0,0,0,0,0,20250321,20250613
235228,0,0,0,0,0,0,0,20250323,20250330
235229,0,0,0,0,0,0,0,20250323,20250330
235230,0,0,0,0,0,0,0,20250323,20250330
235231,0,0,0,0,0,0,0,20250323,20250330
235232,0,0,0,0,0,0,0,20250323,20250330
235233,0,0,0,0,0,0,0,20250323,20250330
235234,0,0,0,0,0,0,0,20250322,20250329
235235,0,0,0,0,0,0,0,20250417,20250430
235236,0,0,0,0,0,0,0,20250417,20250430
235237,0,0,0,0,0,0,0,20250417,20250430
235238,0,0,0,0,0,0,0,20250417,20250430
235239,0,0,0,0,0,0,0,20250417,20250430
235240,0,0,0,0,0,0,0,20250407,20250411
235241,0,0,0,0,0,0,0,20250323,20250330
235242,0,0,0,0,0,0,0,20250323,20250330
235243,0,0,0,0,0,0,0,20250323,20250330
235244,0,0,0,0,0,0,0,20250323,20250330
235245,0,0,0,0,0,0,0,20250322,20250329
235246,0,0,0,0,0,0,0,20250322,20250329
235247,0,0,0,0,0,0,0,20250407,20250411
235248,0,0,0,0,0,0,0,20250407,20250411
235249,0,0,0,0,0,0,0,20250407,20250411
235250,0,0,0,0,0,0,0,20250407,20250411
235251,0,0,0,0,0,0,0,20250407,20250411
235252,0,0,0,0,0,0,0,20250407,20250411
235253,0,0,0,0,0,0,0,20250407,20250411
235254,0,0,0,0,0,0,0,20250407,20250411
235255,0,0,0,0,0,0,0,20250322,20250329
235256,0,0,0,0,0,0,0,20250322,20250329
235257,0,0,0,0,0,0,0,20250322,20250329
235258,0,0,0,0,0,0,0,20250322,20250329
235259,0,0,0,0,0,0,0,20250322,20250329
235260,0,0,0,0,0,0,0,20250322,20250329
235261,0,0,0,0,0,0,0,20250322,20250329
235262,0,0,0,0,0,0,0,20250323,20250330
235263,0,0,0,0,0,0,0,20250323,20250330
235264,0,0,0,0,0,0,0,20250323,20250330
235265,0,0,0,0,0,0,0,20250323,20250330
235266,0,0,0,0,0,0,0,20250407,20250411
235267,0,0,0,0,0,0,0,20250407,20250411
235268,0,0,0,0,0,0,0,20250407,20250411
235269,0,0,0,0,0,0,0,20250407,20250411
235270,0,0,0,0,0,0,0,20250407,20250410
235271,0,0,0,0,0,0,0,20250407,20250411
235272,0,0,0,0,0,0,0,20250407,20250411
235273,0,0,0,0,0,0,0,20250407,20250411
235274,0,0,0,0,0,0,0,20250407,20250411
235275,0,0,0,0,0,0,0,20250407,20250411
235276,0,0,0,0,0,0,0,20250407,20250411
235277,0,0,0,0,0,0,0,20250407,20250411
235278,0,0,0,0,0,0,0,20250407,20250411
235279,0,0,0,0,0,0,0,20250407,20250411
235280,0,0,0,0,0,0,0,20250407,20250411
235281,0,0,0,0,0,0,0,20250407,20250411
235282,0,0,0,0,0,0,0,20250407,20250411
235283,0,0,0,0,0,0,0,20250407,20250411
235284,0,0,0,0,0,0,0,20250407,20250411
235285,0,0,0,0,0,0,0,20250407,20250411
235286,0,0,0,0,0,0,0,20250407,20250411
235287,0,0,0,0,0,0,0,20250407,20250411
235288,0,0,0,0,0,0,0,20250407,20250411
235289,0,0,0,0,0,0,0,20250407,20250411
235290,0,0,0,0,0,0,0,20250407,20250411
235291,0,0,0,0,0,0,0,20250407,20250411
235292,0,0,0,0,0,0,0,20250407,20250411
235293,0,0,0,0,0,0,0,20250407,20250411
235294,0,0,0,0,0,0,0,20250407,20250411
235295,0,0,0,0,0,0,0,20250407,20250411
235296,0,0,0,0,0,0,0,20250407,20250411
235297,0,0,0,0,0,0,0,20250407,20250411
235298,0,0,0,0,0,0,0,20250407,20250411
235299,0,0,0,0,0,0,0,20250407,20250411
235300,0,0,0,0,0,0,0,20250407,20250411
235301,0,0,0,0,0,0,0,20250407,20250411
235302,0,0,0,0,0,0,0,20250407,20250411
235303,0,0,0,0,0,0,0,20250405,20250412
235304,0,0,0,0,0,0,0,20250405,20250412
235305,0,0,0,0,0,0,0,20250405,20250412
235306,0,0,0,0,0,0,0,20250405,20250412
235307,0,0,0,0,0,0,0,20250322,20250329
235308,0,0,0,0,0,0,0,20250407,20250411
235309,0,0,0,0,0,0,0,20250407,20250411
235310,0,0,0,0,0,0,0,20250407,20250411
235311,0,0,0,0,0,0,0,20250407,20250411
235312,0,0,0,0,0,0,0,20250407,20250410
235313,0,0,0,0,0,0,0,20250411,20250411
235314,0,0,0,0,0,0,0,20250407,20250411
235315,0,0,0,0,0,0,0,20250407,20250411
235316,0,0,0,0,0,0,0,20250407,20250411
235317,0,0,0,0,0,0,0,20250407,20250411
235318,0,0,0,0,0,0,0,20250407,20250411
235319,0,0,0,0,0,0,0,20250407,20250411
235320,0,0,0,0,0,0,0,20250407,20250411
235321,0,0,0,0,0,0,0,20250407,20250411
235322,0,0,0,0,0,0,0,20250407,20250411
235323,0,0,0,0,0,0,0,20250407,20250411
235324,0,0,0,0,0,0,0,20250407,20250411
235325,0,0,0,0,0,0,0,20250407,20250411
235326,0,0,0,0,0,0,0,20250411,20250411
235327,0,0,0,0,0,0,0,20250407,20250411
235328,0,0,0,0,0,0,0,20250407,20250411
235329,0,0,0,0,0,0,0,20250407,20250411
235330,0,0,0,0,0,0,0,20250407,20250411
235331,0,0,0,0,0,0,0,20250407,20250411
235332,0,0,0,0,0,0,0,20250407,20250411
235333,0,0,0,0,0,0,0,20250407,20250411
235334,0,0,0,0,0,0,0,20250407,20250411
235335,0,0,0,0,0,0,0,20250407,20250411
235336,0,0,0,0,0,0,0,20250407,20250411
235337,0,0,0,0,0,0,0,20250407,20250411
235338,0,0,0,0,0,0,0,20250407,20250411
235339,0,0,0,0,0,0,0,20250407,20250411
235340,0,0,0,0,0,0,0,20250407,20250410
235341,0,0,0,0,0,0,0,20250405,20250412
235342,0,0,0,0,0,0,0,20250405,20250412
235343,0,0,0,0,0,0,0,20250405,20250412
235344,0,0,0,0,0,0,0,20250405,20250412
235345,0,0,0,0,0,0,0,20250405,20250412
235346,0,0,0,0,0,0,0,20250405,20250412
235347,0,0,0,0,0,0,0,20250405,20250412
235348,0,0,0,0,0,0,0,20250405,20250412
235349,0,0,0,0,0,0,0,20250405,20250412
235350,0,0,0,0,0,0,0,20250405,20250412
235351,0,0,0,0,0,0,0,20250405,20250412
235352,0,0,0,0,0,0,0,20250407,20250411
235353,0,0,0,0,0,0,0,20250407,20250411
235354,0,0,0,0,0,0,0,20250407,20250411
235355,0,0,0,0,0,0,0,20250407,20250411
235356,0,0,0,0,0,0,0,20250407,20250411
235357,0,0,0,0,0,0,0,20250407,20250411
235358,0,0,0,0,0,0,0,20250407,20250411
235359,0,0,0,0,0,0,0,20250407,20250411
235360,0,0,0,0,0,0,0,20250407,20250411
235361,0,0,0,0,0,0,0,20250407,20250411
235362,0,0,0,0,0,0,0,20250407,20250411
235363,0,0,0,0,0,0,0,20250407,20250411
235364,0,0,0,0,0,0,0,20250407,20250411
235365,0,0,0,0,0,0,0,20250407,20250411
235366,0,0,0,0,0,0,0,20250407,20250411
235367,0,0,0,0,0,0,0,20250407,20250411
235368,0,0,0,0,0,0,0,20250407,20250411
235369,0,0,0,0,0,0,0,20250407,20250411
235370,0,0,0,0,0,0,0,20250407,20250411
235371,0,0,0,0,0,0,0,20250407,20250411
235372,0,0,0,0,0,0,0,20250407,20250411
235373,0,0,0,0,0,0,0,20250407,20250411
235374,0,0,0,0,0,0,0,20250407,20250411
235375,0,0,0,0,0,0,0,20250407,20250411
235376,0,0,0,0,0,0,0,20250407,20250411
235377,0,0,0,0,0,0,0,20250407,20250411
235378,0,0,0,0,0,0,0,20250407,20250411
235379,0,0,0,0,0,0,0,20250407,20250411
235380,0,0,0,0,0,0,0,20250407,20250411
235381,0,0,0,0,0,0,0,20250407,20250411
235382,0,0,0,0,0,0,0,20250407,20250411
235383,0,0,0,0,0,0,0,20250407,20250411
235384,0,0,0,0,0,0,0,20250407,20250411
235385,0,0,0,0,0,0,0,20250407,20250411
235386,0,0,0,0,0,0,0,20250407,20250411
235387,0,0,0,0,0,0,0,20250406,20250413
235388,0,0,0,0,0,0,0,20250407,20250411
235389,0,0,0,0,0,0,0,20250407,20250411
235390,0,0,0,0,0,0,0,20250407,20250411
235391,0,0,0,0,0,0,0,20250405,20250413
235392,0,0,0,0,0,0,0,20250405,20250412
235393,0,0,0,0,0,0,0,20250405,20250412
235394,0,0,0,0,0,0,0,20250405,20250412
235395,0,0,0,0,0,0,0,20250405,20250412
235396,0,0,0,0,0,0,0,20250405,20250412
235397,0,0,0,0,0,0,0,20250405,20250412
235398,0,0,0,0,0,0,0,20250405,20250412
235399,0,0,0,0,0,0,0,20250405,20250412
235400,0,0,0,0,0,0,0,20250405,20250412
235401,0,0,0,0,0,0,0,20250405,20250412
235402,0,0,0,0,0,0,0,20250405,20250412
235403,0,0,0,0,0,0,0,20250405,20250412
235404,0,0,0,0,0,0,0,20250405,20250405
235405,0,0,0,0,0,0,0,20250405,20250405
235406,0,0,0,0,0,0,0,20250321,20250613
235407,0,0,0,0,0,0,0,20250406,20250413
235408,0,0,0,0,0,0,0,20250406,20250413
235409,0,0,0,0,0,0,0,20250406,20250413
235410,0,0,0,0,0,0,0,20250406,20250413
235411,0,0,0,0,0,0,0,20250406,20250413
235412,0,0,0,0,0,0,0,20250406,20250413
235413,0,0,0,0,0,0,0,20250406,20250413
235414,0,0,0,0,0,0,0,20250406,20250406
235415,0,0,0,0,0,0,0,20250406,20250413
235416,0,0,0,0,0,0,0,20250406,20250413
235417,0,0,0,0,0,0,0,20250406,20250413
235418,0,0,0,0,0,0,0,20250406,20250413
235419,0,0,0,0,0,0,0,20250406,20250406
235420,0,0,0,0,0,0,0,20250406,20250413
235421,0,0,0,0,0,0,0,20250406,20250413
235422,0,0,0,0,0,0,0,20250406,20250413
235423,0,0,0,0,0,0,0,20250406,20250413
235424,0,0,0,0,0,0,0,20250406,20250413
235425,0,0,0,0,0,0,0,20250406,20250413
235426,0,0,0,0,0,0,0,20250406,20250413
235427,0,0,0,0,0,0,0,20250406,20250413
235428,0,0,0,0,0,0,0,20250406,20250413
235429,0,0,0,0,0,0,0,20250406,20250406
235430,0,0,0,0,0,0,0,20250406,20250413
235431,0,0,0,0,0,0,0,20250406,20250406
235432,0,0,0,0,0,0,0,20250406,20250413
235433,0,0,0,0,0,0,0,20250406,20250413
235434,0,0,0,0,0,0,0,20250406,20250413
235435,0,0,0,0,0,0,0,20250406,20250413
235436,0,0,0,0,0,0,0,20250407,20250411
235437,0,0,0,0,0,0,0,20250407,20250411
235438,0,0,0,0,0,0,0,20250407,20250411
235439,0,0,0,0,0,0,0,20250407,20250411
235440,0,0,0,0,0,0,0,20250407,20250411
235441,0,0,0,0,0,0,0,20250407,20250411
235442,0,0,0,0,0,0,0,20250407,20250411
235443,0,0,0,0,0,0,0,20250405,20250412
235444,0,0,0,0,0,0,0,20250405,20250412
235445,0,0,0,0,0,0,0,20250405,20250412
235446,0,0,0,0,0,0,0,20250405,20250412
235447,0,0,0,0,0,0,0,20250405,20250412
235448,0,0,0,0,0,0,0,20250405,20250412
235449,0,0,0,0,0,0,0,20250405,20250412
235450,0,0,0,0,0,0,0,20250405,20250412
235451,0,0,0,0,0,0,0,20250405,20250412
235452,0,0,0,0,0,0,0,20250405,20250412
235453,0,0,0,0,0,0,0,20250405,20250412
235454,0,0,0,0,0,0,0,20250405,20250412
235455,0,0,0,0,0,0,0,20250406,20250413
235456,0,0,0,0,0,0,0,20250406,20250413
235457,0,0,0,0,0,0,0,20250406,20250413
235458,0,0,0,0,0,0,0,20250406,20250413
235459,0,0,0,0,0,0,0,20250406,20250413
235460,0,0,0,0,0,0,0,20250406,20250413
235461,0,0,0,0,0,0,0,20250406,20250413
235462,0,0,0,0,0,0,0,20250406,20250413
235463,0,0,0,0,0,0,0,20250406,20250413
235464,0,0,0,0,0,0,0,20250406,20250413
235465,0,0,0,0,0,0,0,20250406,20250413
235466,0,0,0,0,0,0,0,20250406,20250413
235467,0,0,0,0,0,0,0,20250406,20250413
235468,0,0,0,0,0,0,0,20250406,20250413
235469,0,0,0,0,0,0,0,20250406,20250413
235470,0,0,0,0,0,0,0,20250406,20250413
235471,0,0,0,0,0,0,0,20250406,20250413
235472,0,0,0,0,0,0,0,20250406,20250413
235473,0,0,0,0,0,0,0,20250406,20250413
235474,0,0,0,0,0,0,0,20250406,20250413
235475,0,0,0,0,0,0,0,20250406,20250406
235476,0,0,0,0,0,0,0,20250411,20250411
235477,0,0,0,0,0,0,0,20250412,20250412
235478,0,0,0,0,0,0,0,20250412,20250412
235479,0,0,0,0,0,0,0,20250321,20250613
235480,0,0,0,0,0,0,0,20250321,20250613
235481,0,0,0,0,0,0,0,20250324,20250612
235482,0,0,0,0,0,0,0,20250407,20250411
235483,0,0,0,0,0,0,0,20250405,20250412
235484,0,0,0,0,0,0,0,20250406,20250406
235485,0,0,0,0,0,0,0,20250406,20250413
235495,0,0,0,0,0,0,0,20250412,20250412
235496,0,0,0,0,0,0,0,20250412,20250412
235497,0,0,0,0,0,0,0,20250407,20250411
235498,0,0,0,0,0,0,0,20250413,20250413
235499,0,0,0,0,0,0,0,20250413,20250413
235500,0,0,0,0,0,0,0,20250413,20250413
235501,0,0,0,0,0,0,0,20250413,20250413
235502,0,0,0,0,0,0,0,20250413,20250413
235503,0,0,0,0,0,0,0,20250413,20250413
235504,0,0,0,0,0,0,0,20250413,20250413
235505,0,0,0,0,0,0,0,20250406,20250413
235506,0,0,0,0,0,0,0,20250321,20250613
235507,0,0,0,0,0,0,0,20250407,20250410
235508,0,0,0,0,0,0,0,20250407,20250407
235509,0,0,0,0,0,0,0,20250407,20250407
235535,0,0,0,0,0,0,0,20250407,20250411
235536,0,0,0,0,0,0,0,20250407,20250411
235537,0,0,0,0,0,0,0,20250405,20250412
235538,0,0,0,0,0,0,0,20250405,20250412
235539,0,0,0,0,0,0,0,20250405,20250412
235540,0,0,0,0,0,0,0,20250405,20250412
235541,0,0,0,0,0,0,0,20250406,20250413
235542,0,0,0,0,0,0,0,20250406,20250413
235543,0,0,0,0,0,0,0,20250407,20250407
235544,0,0,0,0,0,0,0,20250321,20250613
235545,0,0,0,0,0,0,0,20250323,20250330
235583,0,0,0,0,0,0,0,20250419,20250419
235584,0,0,0,0,0,0,0,20250419,20250419
235585,0,0,0,0,0,0,0,20250419,20250419
235586,0,0,0,0,0,0,0,20250419,20250419
235587,0,0,0,0,0,0,0,20250419,20250419
235588,0,0,0,0,0,0,0,20250419,20250419
235589,0,0,0,0,0,0,0,20250419,20250502
235590,0,0,0,0,0,0,0,20250419,20250502
235591,0,0,0,0,0,0,0,20250419,20250502
235592,0,0,0,0,0,0,0,20250419,20250419
235593,0,0,0,0,0,0,0,20250419,20250502
235594,0,0,0,0,0,0,0,20250419,20250502
235595,0,0,0,0,0,0,0,20250419,20250502
235596,0,0,0,0,0,0,0,20250419,20250502
235597,0,0,0,0,0,0,0,20250419,20250502
235598,0,0,0,0,0,0,0,20250419,20250502
235599,0,0,0,0,0,0,0,20250419,20250502
235619,0,0,0,0,0,0,0,20250419,20250502
235620,0,0,0,0,0,0,0,20250417,20250430
235621,0,0,0,0,0,0,0,20250419,20250502
235622,0,0,0,0,0,0,0,20250419,20250419
235623,0,0,0,0,0,0,0,20250419,20250419
235624,0,0,0,0,0,0,0,20250419,20250419
235625,0,0,0,0,0,0,0,20250419,20250419
235626,0,0,0,0,0,0,0,20250419,20250419
235627,0,0,0,0,0,0,0,20250419,20250419
235628,0,0,0,0,0,0,0,20250419,20250419
235629,0,0,0,0,0,0,0,20250419,20250419
235630,0,0,0,0,0,0,0,20250419,20250419
235631,0,0,0,0,0,0,0,20250419,20250419
235632,0,0,0,0,0,0,0,20250419,20250419
235633,0,0,0,0,0,0,0,20250419,20250419
235634,0,0,0,0,0,0,0,20250419,20250419
235635,0,0,0,0,0,0,0,20250419,20250419
235647,0,0,0,0,0,0,0,20250321,20250613
235648,0,0,0,0,0,0,0,20250321,20250613
235649,0,0,0,0,0,0,0,20250321,20250613
235650,0,0,0,0,0,0,0,20250511,20250608
235651,0,0,0,0,0,0,0,20250602,20250609
235652,0,0,0,0,0,0,0,20250510,20250614
235653,0,0,0,0,0,0,0,20250419,20250419
235654,0,0,0,0,0,0,0,20250419,20250419
235655,0,0,0,0,0,0,0,20250419,20250419
235656,0,0,0,0,0,0,0,20250419,20250502
235657,0,0,0,0,0,0,0,20250419,20250502
235658,0,0,0,0,0,0,0,20250419,20250502
235659,0,0,0,0,0,0,0,20250419,20250419
235660,0,0,0,0,0,0,0,20250419,20250502
235661,0,0,0,0,0,0,0,20250419,20250502
235662,0,0,0,0,0,0,0,20250419,20250502
235663,0,0,0,0,0,0,0,20250419,20250502
235664,0,0,0,0,0,0,0,20250419,20250419
235665,0,0,0,0,0,0,0,20250419,20250419
235666,0,0,0,0,0,0,0,20250419,20250419
235667,0,0,0,0,0,0,0,20250419,20250419
235668,0,0,0,0,0,0,0,20250419,20250419
235669,0,0,0,0,0,0,0,20250420,20250420
235670,0,0,0,0,0,0,0,20250419,20250502
235671,0,0,0,0,0,0,0,20250419,20250502
235672,0,0,0,0,0,0,0,20250419,20250502
235673,0,0,0,0,0,0,0,20250419,20250502
235674,0,0,0,0,0,0,0,20250419,20250502
235675,0,0,0,0,0,0,0,20250419,20250502
235676,0,0,0,0,0,0,0,20250419,20250502
235677,0,0,0,0,0,0,0,20250421,20250421
235678,0,0,0,0,0,0,0,20250421,20250421
235679,0,0,0,0,0,0,0,20250421,20250421
235680,0,0,0,0,0,0,0,20250421,20250421
235681,0,0,0,0,0,0,0,20250421,20250421
235682,0,0,0,0,0,0,0,20250421,20250421
235683,0,0,0,0,0,0,0,20250421,20250421
235684,0,0,0,0,0,0,0,20250421,20250421
235685,0,0,0,0,0,0,0,20250421,20250421
235686,0,0,0,0,0,0,0,20250421,20250421
235687,0,0,0,0,0,0,0,20250421,20250421
235688,0,0,0,0,0,0,0,20250421,20250421
235689,0,0,0,0,0,0,0,20250426,20250426
235690,0,0,0,0,0,0,0,20250426,20250426
235691,0,0,0,0,0,0,0,20250426,20250426
235692,0,0,0,0,0,0,0,20250426,20250426
235693,0,0,0,0,0,0,0,20250426,20250426
235694,0,0,0,0,0,0,0,20250426,20250426
235695,0,0,0,0,0,0,0,20250426,20250426
235696,0,0,0,0,0,0,0,20250426,20250426
235697,0,0,0,0,0,0,0,20250426,20250426
235698,0,0,0,0,0,0,0,20250426,20250426
235699,0,0,0,0,0,0,0,20250426,20250426
235700,0,0,0,0,0,0,0,20250426,20250426
235701,0,0,0,0,0,0,0,20250426,20250426
235702,0,0,0,0,0,0,0,20250426,20250426
235703,0,0,0,0,0,0,0,20250426,20250426
235704,0,0,0,0,0,0,0,20250427,20250427
235705,0,0,0,0,0,0,0,20250427,20250427
235706,0,0,0,0,0,0,0,20250426,20250426
235707,0,0,0,0,0,0,0,20250426,20250426
235708,0,0,0,0,0,0,0,20250427,20250427
235709,0,0,0,0,0,0,0,20250419,20250502
235710,0,0,0,0,0,0,0,20250419,20250502
235711,0,0,0,0,0,0,0,20250419,20250502
235712,0,0,0,0,0,0,0,20250420,20250503
235713,0,0,0,0,0,0,0,20250420,20250420
235714,0,0,0,0,0,0,0,20250420,20250420
235715,0,0,0,0,0,0,0,20250420,20250420
235716,0,0,0,0,0,0,0,20250420,20250420
235717,0,0,0,0,0,0,0,20250420,20250420
235718,0,0,0,0,0,0,0,20250420,20250420
235719,0,0,0,0,0,0,0,20250420,20250420
235720,0,0,0,0,0,0,0,20250420,20250420
235721,0,0,0,0,0,0,0,20250426,20250426
235722,0,0,0,0,0,0,0,20250426,20250426
235723,0,0,0,0,0,0,0,20250426,20250426
235724,0,0,0,0,0,0,0,20250426,20250426
235725,0,0,0,0,0,0,0,20250426,20250426
235726,0,0,0,0,0,0,0,20250426,20250426
235727,0,0,0,0,0,0,0,20250426,20250426
235728,0,0,0,0,0,0,0,20250426,20250426
235729,0,0,0,0,0,0,0,20250426,20250426
235730,0,0,0,0,0,0,0,20250426,20250426
235731,0,0,0,0,0,0,0,20250426,20250426
235732,0,0,0,0,0,0,0,20250426,20250426
235733,0,0,0,0,0,0,0,20250426,20250426
235734,0,0,0,0,0,0,0,20250426,20250426
235735,0,0,0,0,0,0,0,20250426,20250426
235736,0,0,0,0,0,0,0,20250426,20250426
235737,0,0,0,0,0,0,0,20250426,20250426
235738,0,0,0,0,0,0,0,20250426,20250426
235739,0,0,0,0,0,0,0,20250426,20250426
235740,0,0,0,0,0,0,0,20250426,20250426
235741,0,0,0,0,0,0,0,20250426,20250426
235742,0,0,0,0,0,0,0,20250426,20250426
235743,0,0,0,0,0,0,0,20250426,20250426
235744,0,0,0,0,0,0,0,20250426,20250426
235745,0,0,0,0,0,0,0,20250420,20250421
235746,0,0,0,0,0,0,0,20250420,20250421
235747,0,0,0,0,0,0,0,20250420,20250420
235748,0,0,0,0,0,0,0,20250420,20250420
235749,0,0,0,0,0,0,0,20250420,20250420
235750,0,0,0,0,0,0,0,20250420,20250421
235751,0,0,0,0,0,0,0,20250420,20250421
235752,0,0,0,0,0,0,0,20250420,20250421
235753,0,0,0,0,0,0,0,20250420,20250421
235754,0,0,0,0,0,0,0,20250420,20250421
235755,0,0,0,0,0,0,0,20250420,20250421
235756,0,0,0,0,0,0,0,20250420,20250421
235757,0,0,0,0,0,0,0,20250420,20250421
235758,0,0,0,0,0,0,0,20250420,20250421
235759,0,0,0,0,0,0,0,20250420,20250420
235760,0,0,0,0,0,0,0,20250420,20250420
235761,0,0,0,0,0,0,0,20250426,20250426
235762,0,0,0,0,0,0,0,20250426,20250426
235763,0,0,0,0,0,0,0,20250426,20250426
235764,0,0,0,0,0,0,0,20250426,20250426
235765,0,0,0,0,0,0,0,20250426,20250426
235766,0,0,0,0,0,0,0,20250426,20250426
235767,0,0,0,0,0,0,0,20250426,20250504
235768,0,0,0,0,0,0,0,20250426,20250426
235769,0,0,0,0,0,0,0,20250426,20250426
235770,0,0,0,0,0,0,0,20250426,20250426
235771,0,0,0,0,0,0,0,20250426,20250426
235772,0,0,0,0,0,0,0,20250426,20250426
235773,0,0,0,0,0,0,0,20250426,20250426
235774,0,0,0,0,0,0,0,20250426,20250426
235775,0,0,0,0,0,0,0,20250426,20250426
235776,0,0,0,0,0,0,0,20250426,20250426
235777,0,0,0,0,0,0,0,20250427,20250427
235778,0,0,0,0,0,0,0,20250427,20250427
235779,0,0,0,0,0,0,0,20250427,20250427
235780,0,0,0,0,0,0,0,20250427,20250427
235781,0,0,0,0,0,0,0,20250427,20250427
235782,0,0,0,0,0,0,0,20250427,20250427
235783,0,0,0,0,0,0,0,20250427,20250427
235784,0,0,0,0,0,0,0,20250427,20250427
235785,0,0,0,0,0,0,0,20250427,20250427
235786,0,0,0,0,0,0,0,20250427,20250427
235787,0,0,0,0,0,0,0,20250427,20250427
235788,0,0,0,0,0,0,0,20250427,20250427
235789,0,0,0,0,0,0,0,20250427,20250427
235790,0,0,0,0,0,0,0,20250427,20250427
235791,0,0,0,0,0,0,0,20250427,20250427
235792,0,0,0,0,0,0,0,20250510,20250614
235793,0,0,0,0,0,0,0,20250510,20250614
235794,0,0,0,0,0,0,0,20250510,20250510
235795,0,0,0,0,0,0,0,20250510,20250614
235796,0,0,0,0,0,0,0,20250510,20250614
235797,0,0,0,0,0,0,0,20250510,20250614
235798,0,0,0,0,0,0,0,20250510,20250614
235799,0,0,0,0,0,0,0,20250510,20250614
235800,0,0,0,0,0,0,0,20250510,20250614
235801,0,0,0,0,0,0,0,20250510,20250614
235802,0,0,0,0,0,0,0,20250510,20250614
235803,0,0,0,0,0,0,0,20250510,20250614
235804,0,0,0,0,0,0,0,20250510,20250614
235805,0,0,0,0,0,0,0,20250510,20250614
235806,0,0,0,0,0,0,0,20250510,20250614
235807,0,0,0,0,0,0,0,20250426,20250426
235808,0,0,0,0,0,0,0,20250426,20250426
235809,0,0,0,0,0,0,0,20250427,20250427
235810,0,0,0,0,0,0,0,20250427,20250427
235811,0,0,0,0,0,0,0,20250427,20250427
235812,0,0,0,0,0,0,0,20250427,20250427
235813,0,0,0,0,0,0,0,20250427,20250427
235814,0,0,0,0,0,0,0,20250427,20250427
235815,0,0,0,0,0,0,0,20250427,20250427
235816,0,0,0,0,0,0,0,20250427,20250427
235817,0,0,0,0,0,0,0,20250427,20250427
235818,0,0,0,0,0,0,0,20250427,20250427
235819,0,0,0,0,0,0,0,20250427,20250427
235820,0,0,0,0,0,0,0,20250427,20250427
235821,0,0,0,0,0,0,0,20250427,20250427
235822,0,0,0,0,0,0,0,20250427,20250427
235823,0,0,0,0,0,0,0,20250427,20250427
235824,0,0,0,0,0,0,0,20250510,20250614
235825,0,0,0,0,0,0,0,20250510,20250614
235826,0,0,0,0,0,0,0,20250510,20250614
235827,0,0,0,0,0,0,0,20250510,20250614
235828,0,0,0,0,0,0,0,20250510,20250614
235829,0,0,0,0,0,0,0,20250510,20250614
235830,0,0,0,0,0,0,0,20250510,20250614
235831,0,0,0,0,0,0,0,20250510,20250614
235832,0,0,0,0,0,0,0,20250510,20250614
235833,0,0,0,0,0,0,0,20250510,20250614
235834,0,0,0,0,0,0,0,20250510,20250614
235835,0,0,0,0,0,0,0,20250510,20250614
235836,0,0,0,0,0,0,0,20250510,20250614
235837,0,0,0,0,0,0,0,20250510,20250614
235838,0,0,0,0,0,0,0,20250510,20250614
235839,0,0,0,0,0,0,0,20250517,20250614
235840,0,0,0,0,0,0,0,20250511,20250608
235841,0,0,0,0,0,0,0,20250511,20250608
235842,0,0,0,0,0,0,0,20250511,20250608
235843,0,0,0,0,0,0,0,20250427,20250427
235844,0,0,0,0,0,0,0,20250427,20250427
235845,0,0,0,0,0,0,0,20250427,20250427
235846,0,0,0,0,0,0,0,20250427,20250427
235847,0,0,0,0,0,0,0,20250427,20250427
235848,0,0,0,0,0,0,0,20250427,20250427
235849,0,0,0,0,0,0,0,20250427,20250427
235850,0,0,0,0,0,0,0,20250427,20250427
235851,0,0,0,0,0,0,0,20250427,20250427
235852,0,0,0,0,0,0,0,20250427,20250427
235853,0,0,0,0,0,0,0,20250427,20250427
235854,0,0,0,0,0,0,0,20250427,20250427
235855,0,0,0,0,0,0,0,20250427,20250427
235856,0,0,0,0,0,0,0,20250510,20250614
235857,0,0,0,0,0,0,0,20250510,20250614
235858,0,0,0,0,0,0,0,20250510,20250614
235859,0,0,0,0,0,0,0,20250510,20250614
235860,0,0,0,0,0,0,0,20250510,20250614
235861,0,0,0,0,0,0,0,20250427,20250427
235862,0,0,0,0,0,0,0,20250427,20250427
235863,0,0,0,0,0,0,0,20250427,20250427
235864,0,0,0,0,0,0,0,20250427,20250427
235865,0,0,0,0,0,0,0,20250427,20250427
235866,0,0,0,0,0,0,0,20250427,20250427
235867,0,0,0,0,0,0,0,20250510,20250614
235868,0,0,0,0,0,0,0,20250511,20250608
235869,0,0,0,0,0,0,0,20250511,20250608
235870,0,0,0,0,0,0,0,20250510,20250614
235871,0,0,0,0,0,0,0,20250510,20250614
235872,0,0,0,0,0,0,0,20250510,20250614
235873,0,0,0,0,0,0,0,20250511,20250608
235874,0,0,0,0,0,0,0,20250511,20250608
235875,0,0,0,0,0,0,0,20250511,20250608
235876,0,0,0,0,0,0,0,20250511,20250608
235877,0,0,0,0,0,0,0,20250511,20250608
235878,0,0,0,0,0,0,0,20250511,20250608
235879,0,0,0,0,0,0,0,20250510,20250614
235880,0,0,0,0,0,0,0,20250501,20250501
235881,0,0,0,0,0,0,0,20250501,20250501
235882,0,0,0,0,0,0,0,20250501,20250501
235883,0,0,0,0,0,0,0,20250501,20250501
235884,0,0,0,0,0,0,0,20250501,20250501
235885,0,0,0,0,0,0,0,20250501,20250501
235886,0,0,0,0,0,0,0,20250501,20250501
235887,0,0,0,0,0,0,0,20250503,20250504
235888,0,0,0,0,0,0,0,20250511,20250608
235889,0,0,0,0,0,0,0,20250511,20250608
235890,0,0,0,0,0,0,0,20250511,20250608
235891,0,0,0,0,0,0,0,20250511,20250608
235892,0,0,0,0,0,0,0,20250511,20250608
235893,0,0,0,0,0,0,0,20250511,20250608
235894,0,0,0,0,0,0,0,20250511,20250608
235895,0,0,0,0,0,0,0,20250511,20250608
235896,0,0,0,0,0,0,0,20250511,20250608
235897,0,0,0,0,0,0,0,20250511,20250608
235898,0,0,0,0,0,0,0,20250430,20250430
235899,0,0,0,0,0,0,0,20250511,20250608
235900,0,0,0,0,0,0,0,20250430,20250430
235901,0,0,0,0,0,0,0,20250511,20250608
235902,0,0,0,0,0,0,0,20250502,20250502
235903,0,0,0,0,0,0,0,20250502,20250502
235904,0,0,0,0,0,0,0,20250501,20250501
235905,0,0,0,0,0,0,0,20250501,20250501
235906,0,0,0,0,0,0,0,20250501,20250501
235907,0,0,0,0,0,0,0,20250501,20250501
235908,0,0,0,0,0,0,0,20250502,20250502
235909,0,0,0,0,0,0,0,20250502,20250502
235910,0,0,0,0,0,0,0,20250502,20250502
235911,0,0,0,0,0,0,0,20250502,20250502
235912,0,0,0,0,0,0,0,20250502,20250502
235913,0,0,0,0,0,0,0,20250502,20250502
235914,0,0,0,0,0,0,0,20250502,20250502
235915,0,0,0,0,0,0,0,20250502,20250502
235916,0,0,0,0,0,0,0,20250502,20250502
235917,0,0,0,0,0,0,0,20250502,20250502
235918,0,0,0,0,0,0,0,20250501,20250504
235919,0,0,0,0,0,0,0,20250501,20250504
235920,0,0,0,0,0,0,0,20250501,20250504
235921,0,0,0,0,0,0,0,20250501,20250504
235922,0,0,0,0,0,0,0,20250501,20250504
235923,0,0,0,0,0,0,0,20250501,20250504
235924,0,0,0,0,0,0,0,20250503,20250504
235925,0,0,0,0,0,0,0,20250511,20250608
235926,0,0,0,0,0,0,0,20250511,20250608
235927,0,0,0,0,0,0,0,20250511,20250608
235928,0,0,0,0,0,0,0,20250511,20250608
235929,0,0,0,0,0,0,0,20250511,20250608
235930,0,0,0,0,0,0,0,20250511,20250608
235931,0,0,0,0,0,0,0,20250511,20250608
235932,0,0,0,0,0,0,0,20250511,20250608
235933,0,0,0,0,0,0,0,20250511,20250608
235934,0,0,0,0,0,0,0,20250511,20250608
235935,0,0,0,0,0,0,0,20250511,20250608
235936,0,0,0,0,0,0,0,20250511,20250608
235937,0,0,0,0,0,0,0,20250511,20250608
235938,0,0,0,0,0,0,0,20250511,20250608
235939,0,0,0,0,0,0,0,20250511,20250608
235940,0,0,0,0,0,0,0,20250511,20250608
235941,0,0,0,0,0,0,0,20250511,20250608
235942,0,0,0,0,0,0,0,20250511,20250608
235943,0,0,0,0,0,0,0,20250511,20250608
235944,0,0,0,0,0,0,0,20250511,20250608
235945,0,0,0,0,0,0,0,20250511,20250608
235946,0,0,0,0,0,0,0,20250502,20250502
235947,0,0,0,0,0,0,0,20250502,20250502
235948,0,0,0,0,0,0,0,20250502,20250502
235949,0,0,0,0,0,0,0,20250502,20250502
235950,0,0,0,0,0,0,0,20250502,20250502
235951,0,0,0,0,0,0,0,20250502,20250502
235952,0,0,0,0,0,0,0,20250502,20250502
235953,0,0,0,0,0,0,0,20250502,20250502
235954,0,0,0,0,0,0,0,20250502,20250502
235955,0,0,0,0,0,0,0,20250502,20250502
235956,0,0,0,0,0,0,0,20250502,20250502
235957,0,0,0,0,0,0,0,20250502,20250502
235958,0,0,0,0,0,0,0,20250502,20250502
235959,0,0,0,0,0,0,0,20250502,20250502
235960,0,0,0,0,0,0,0,20250502,20250502
235961,0,0,0,0,0,0,0,20250502,20250502
235962,0,0,0,0,0,0,0,20250502,20250502
235963,0,0,0,0,0,0,0,20250502,20250502
235964,0,0,0,0,0,0,0,20250503,20250503
235965,0,0,0,0,0,0,0,20250503,20250503
235966,0,0,0,0,0,0,0,20250503,20250503
235967,0,0,0,0,0,0,0,20250503,20250504
235968,0,0,0,0,0,0,0,20250503,20250504
235969,0,0,0,0,0,0,0,20250503,20250504
235970,0,0,0,0,0,0,0,20250503,20250504
235971,0,0,0,0,0,0,0,20250503,20250504
235972,0,0,0,0,0,0,0,20250503,20250504
235973,0,0,0,0,0,0,0,20250503,20250504
235974,0,0,0,0,0,0,0,20250503,20250503
235975,0,0,0,0,0,0,0,20250602,20250609
235982,0,0,0,0,0,0,0,20250503,20250503
235983,0,0,0,0,0,0,0,20250511,20250608
235984,0,0,0,0,0,0,0,20250511,20250608
235985,0,0,0,0,0,0,0,20250511,20250608
235986,0,0,0,0,0,0,0,20250501,20250501
235987,0,0,0,0,0,0,0,20250502,20250502
235988,0,0,0,0,0,0,0,20250501,20250501
235989,0,0,0,0,0,0,0,20250502,20250502
235990,0,0,0,0,0,0,0,20250503,20250503
235993,0,0,0,0,0,0,0,20250426,20250426
235994,0,0,0,0,0,0,0,20250501,20250501
235995,0,0,0,0,0,0,0,20250504,20250504
235996,0,0,0,0,0,0,0,20250503,20250503
235997,0,0,0,0,0,0,0,20250503,20250503
235998,0,0,0,0,0,0,0,20250503,20250503
235999,0,0,0,0,0,0,0,20250504,20250504
236000,0,0,0,0,0,0,0,20250504,20250504
236001,0,0,0,0,0,0,0,20250504,20250504
236002,0,0,0,0,0,0,0,20250504,20250504
236003,0,0,0,0,0,0,0,20250504,20250504
236004,0,0,0,0,0,0,0,20250504,20250504
236005,0,0,0,0,0,0,0,20250504,20250504
236006,0,0,0,0,0,0,0,20250504,20250504
236007,0,0,0,0,0,0,0,20250504,20250504
236008,0,0,0,0,0,0,0,20250504,20250504
236009,0,0,0,0,0,0,0,20250504,20250504
236010,0,0,0,0,0,0,0,20250504,20250504
236011,0,0,0,0,0,0,0,20250427,20250427
236012,0,0,0,0,0,0,0,20250427,20250427
236013,0,0,0,0,0,0,0,20250510,20250614
236014,0,0,0,0,0,0,0,20250510,20250614
236015,0,0,0,0,0,0,0,20250421,20250421
236016,0,0,0,0,0,0,0,20250421,20250421
236017,0,0,0,0,0,0,0,20250421,20250421
236018,0,0,0,0,0,0,0,20250426,20250426
236019,0,0,0,0,0,0,0,20250426,20250426
236020,0,0,0,0,0,0,0,20250426,20250426
236021,0,0,0,0,0,0,0,20250426,20250426
236022,0,0,0,0,0,0,0,20250427,20250427
236023,0,0,0,0,0,0,0,20250430,20250430
236024,0,0,0,0,0,0,0,20250407,20250411
236025,0,0,0,0,0,0,0,20250510,20250614
236026,0,0,0,0,0,0,0,20250426,20250426
236027,0,0,0,0,0,0,0,20250323,20250330
236028,0,0,0,0,0,0,0,20250511,20250608
236029,0,0,0,0,0,0,0,20250511,20250608
236030,0,0,0,0,0,0,0,20250510,20250614
236031,0,0,0,0,0,0,0,20250510,20250614
236034,0,0,0,0,0,0,0,20250407,20250411
236035,0,0,0,0,0,0,0,20250405,20250412
236036,0,0,0,0,0,0,0,20250330,20250330
236037,0,0,0,0,0,0,0,20250330,20250330
236038,0,0,0,0,0,0,0,20250404,20250613
236039,0,0,0,0,0,0,0,20250404,20250613
236040,0,0,0,0,0,0,0,20250414,20250609
236041,0,0,0,0,0,0,0,20250321,20250613
236042,0,0,0,0,0,0,0,20250411,20250411
236043,0,0,0,0,0,0,0,20250420,20250420
236044,0,0,0,0,0,0,0,20250427,20250427
236045,0,0,0,0,0,0,0,20250502,20250502
236046,0,0,0,0,0,0,0,20250511,20250608
236047,0,0,0,0,0,0,0,20250511,20250608
236048,0,0,0,0,0,0,0,20250511,20250608
236049,0,0,0,0,0,0,0,20250407,20250411
236050,0,0,0,0,0,0,0,20250323,20250330
236051,0,0,0,0,0,0,0,20250427,20250427
236052,0,0,0,0,0,0,0,20250407,20250411
236054,0,0,0,0,0,0,0,20250330,20250330
236055,0,0,0,0,0,0,0,20250330,20250330
236056,0,0,0,0,0,0,0,20250330,20250330
236057,0,0,0,0,0,0,0,20250330,20250330
236058,0,0,0,0,0,0,0,20250426,20250426
236059,0,0,0,0,0,0,0,20250426,20250426
236060,0,0,0,0,0,0,0,20250426,20250426
236061,0,0,0,0,0,0,0,20250502,20250502
236062,0,0,0,0,0,0,0,20250502,20250502
236063,0,0,0,0,0,0,0,20250503,20250503
236064,0,0,0,0,0,0,0,20250503,20250503
236065,0,0,0,0,0,0,0,20250503,20250503
236066,0,0,0,0,0,0,0,20250503,20250503
236067,0,0,0,0,0,0,0,20250503,20250503
236068,0,0,0,0,0,0,0,20250323,20250330
236075,0,0,0,0,0,0,0,20250419,20250502
236076,0,0,0,0,0,0,0,20250420,20250420
236077,0,0,0,0,0,0,0,20250420,20250421
236078,0,0,0,0,0,0,0,20250419,20250419
236079,0,0,0,0,0,0,0,20250419,20250419
236080,0,0,0,0,0,0,0,20250419,20250502
236081,0,0,0,0,0,0,0,20250407,20250411
236082,0,0,0,0,0,0,0,20250407,20250411
236083,0,0,0,0,0,0,0,20250419,20250502
236085,0,0,0,0,0,0,0,20250407,20250410
236086,0,0,0,0,0,0,0,20250322,20250329
236087,0,0,0,0,0,0,0,20250419,20250419
236088,0,0,0,0,0,0,0,20250407,20250411
