route_id,service_id,trip_id,trip_headsign,trip_short_name,shape_id,bikes_allowed
234419,234419,234419,WEJHEROWO,95735,234419,1
234420,234420,234420,WEJHEROWO,95753,234420,1
234421,234421,234421,WEJHEROWO,95729,234421,1
234422,234422,234422,LĘBORK,95807,234422,1
234423,234423,234423,Gdańsk Śródmieście,59788,234423,1
234424,234424,234424,Gdańsk Śródmieście,59782,234424,1
234425,234425,234425,Gdańsk Śródmieście,59766,234425,1
234426,234426,234426,Gdańsk Śródmieście,59768,234426,1
234427,234427,234427,WEJHEROWO,95785,234427,1
234428,234428,234428,WEJHEROWO,95673,234428,1
234429,234429,234429,Gdańsk Śródmieście,59786,234429,1
234430,234430,234430,WEJHEROWO,95703,234430,1
234431,234431,234431,WEJHEROWO,95747,234431,1
234432,234432,234432,Gdańsk Śródmieście,59716,234432,1
234433,234433,234433,Gdańsk Śródmieście,59794,234433,1
234434,234434,234434,WEJHEROWO,95799,234434,1
234435,234435,234435,Gdańsk Śródmieście,59714,234435,1
234436,234436,234436,GDAŃSK GŁÓWNY,59702,234436,1
234437,234437,234437,Gdańsk Śródmieście,59464,234437,1
234438,234438,234438,RUMIA,95609,234438,1
234439,234439,234439,WEJHEROWO,95675,234439,1
234440,234440,234440,Gdańsk Śródmieście,59480,234440,1
234441,234441,234441,LĘBORK,95801,234441,1
234442,234442,234442,Gdańsk Śródmieście,59798,234442,1
234443,234443,234443,WEJHEROWO,95747,234443,1
234444,234444,234444,Gdańsk Śródmieście,59694,234444,1
234445,234445,234445,Gdańsk Śródmieście,59730,234445,1
234446,234446,234446,LĘBORK,95809,234446,1
234447,234447,234447,LĘBORK,95801,234447,1
234448,234448,234448,Gdańsk Śródmieście,59476,234448,1
234449,234449,234449,Gdańsk Śródmieście,59456,234449,1
234450,234450,234450,Gdańsk Śródmieście,59472,234450,1
234451,234451,234451,Gdańsk Śródmieście,59790,234451,1
234452,234452,234452,Gdynia Cisowa,95407,234452,1
234453,234453,234453,Gdynia Cisowa,95445,234453,1
234454,234454,234454,Gdańsk Śródmieście,59620,234454,1
234455,234455,234455,Gdańsk Śródmieście,59302,234455,1
234456,234456,234456,GDAŃSK GŁÓWNY,59702,234456,1
234457,234457,234457,Gdańsk Śródmieście,59696,234457,1
234458,234458,234458,GDAŃSK GŁÓWNY,59704,234458,1
234459,234459,234459,Gdańsk Śródmieście,59734,234459,1
234460,234460,234460,WEJHEROWO,95779,234460,1
234461,234461,234461,WEJHEROWO,95773,234461,1
234462,234462,234462,WEJHEROWO,95675,234462,1
234463,234463,234463,Gdańsk Śródmieście,59758,234463,1
234464,234464,234464,WEJHEROWO,95759,234464,1
234465,234465,234465,WEJHEROWO,95753,234465,1
234466,234466,234466,Gdańsk Śródmieście,59442,234466,1
234467,234467,234467,Gdańsk Śródmieście,59428,234467,1
234468,234468,234468,Gdańsk Śródmieście,59772,234468,1
234469,234469,234469,WEJHEROWO,95725,234469,1
234470,234470,234470,Gdańsk Śródmieście,59758,234470,1
234471,234471,234471,WEJHEROWO,95749,234471,1
234472,234472,234472,Gdańsk Śródmieście,59710,234472,1
234473,234473,234473,Gdańsk Śródmieście,59780,234473,1
234474,234474,234474,WEJHEROWO,95795,234474,1
234475,234475,234475,WEJHEROWO,95771,234475,1
234476,234476,234476,WEJHEROWO,95667,234476,1
234477,234477,234477,Gdańsk Śródmieście,59666,234477,1
234478,234478,234478,WEJHEROWO,95759,234478,1
234479,234479,234479,WEJHEROWO,95705,234479,1
234480,234480,234480,WEJHEROWO,95799,234480,1
234481,234481,234481,LĘBORK,95807,234481,1
234482,234482,234482,Gdańsk Śródmieście,59748,234482,1
234483,234483,234483,WEJHEROWO,95735,234483,1
234484,234484,234484,Gdynia Cisowa,95443,234484,1
234485,234485,234485,REDA,95605,234485,1
234486,234486,234486,Gdynia Cisowa,95483,234486,1
234487,234487,234487,Gdańsk Śródmieście,59710,234487,1
234488,234488,234488,WEJHEROWO,95781,234488,1
234489,234489,234489,Gdańsk Śródmieście,59434,234489,1
234490,234490,234490,Gdańsk Śródmieście,59804,234490,1
234491,234491,234491,WEJHEROWO,95723,234491,1
234492,234492,234492,WEJHEROWO,95725,234492,1
234493,234493,234493,Gdynia Cisowa,95481,234493,1
234494,234494,234494,Gdańsk Śródmieście,59694,234494,1
234495,234495,234495,GDAŃSK GŁÓWNY,59700,234495,1
234496,234496,234496,Gdynia Cisowa,95401,234496,1
234497,234497,234497,WEJHEROWO,95799,234497,1
234498,234498,234498,WEJHEROWO,95681,234498,1
234499,234499,234499,WEJHEROWO,95709,234499,1
234500,234500,234500,WEJHEROWO,95785,234500,1
234501,234501,234501,WEJHEROWO,95793,234501,1
234502,234502,234502,WEJHEROWO,95719,234502,1
234503,234503,234503,Gdańsk Śródmieście,59444,234503,1
234504,234504,234504,WEJHEROWO,95699,234504,1
234505,234505,234505,Gdańsk Śródmieście,59442,234505,1
234506,234506,234506,WEJHEROWO,95717,234506,1
234507,234507,234507,LĘBORK,95807,234507,1
234508,234508,234508,WEJHEROWO,95709,234508,1
234509,234509,234509,Gdańsk Śródmieście,59790,234509,1
234510,234510,234510,LĘBORK,95807,234510,1
234511,234511,234511,Gdańsk Śródmieście,59810,234511,1
234512,234512,234512,Gdańsk Śródmieście,59708,234512,1
234513,234513,234513,WEJHEROWO,95693,234513,1
234514,234514,234514,WEJHEROWO,95679,234514,1
234515,234515,234515,Gdańsk Śródmieście,59794,234515,1
234516,234516,234516,Gdańsk Śródmieście,59726,234516,1
234517,234517,234517,GDAŃSK GŁÓWNY,59698,234517,1
234518,234518,234518,WEJHEROWO,95775,234518,1
234519,234519,234519,Gdańsk Śródmieście,59400,234519,1
234520,234520,234520,Gdańsk Śródmieście,59814,234520,1
234521,234521,234521,Gdynia Cisowa,95489,234521,1
234522,234522,234522,Gdynia Cisowa,95477,234522,1
234523,234523,234523,Gdańsk Śródmieście,59404,234523,1
234524,234524,234524,Gdańsk Śródmieście,59462,234524,1
234525,234525,234525,WEJHEROWO,95697,234525,1
234526,234526,234526,WEJHEROWO,95699,234526,1
234527,234527,234527,WEJHEROWO,95693,234527,1
234528,234528,234528,Gdańsk Śródmieście,59440,234528,1
234529,234529,234529,Gdańsk Śródmieście,59314,234529,1
234530,234530,234530,Gdańsk Śródmieście,59712,234530,1
234531,234531,234531,Gdańsk Śródmieście,59752,234531,1
234532,234532,234532,Gdynia Cisowa,95429,234532,1
234533,234533,234533,WEJHEROWO,95707,234533,1
234534,234534,234534,Gdańsk Śródmieście,59726,234534,1
234535,234535,234535,Gdańsk Śródmieście,59400,234535,1
234536,234536,234536,WEJHEROWO,95671,234536,1
234537,234537,234537,Gdańsk Śródmieście,59728,234537,1
234538,234538,234538,Gdańsk Śródmieście,59794,234538,1
234539,234539,234539,WEJHEROWO,95665,234539,1
234540,234540,234540,Gdańsk Śródmieście,59428,234540,1
234541,234541,234541,Gdańsk Śródmieście,59430,234541,1
234542,234542,234542,Gdańsk Śródmieście,59320,234542,1
234543,234543,234543,Gdańsk Śródmieście,59740,234543,1
234544,234544,234544,Gdańsk Śródmieście,59808,234544,1
234545,234545,234545,Gdańsk Śródmieście,59316,234545,1
234546,234546,234546,Gdynia Cisowa,95423,234546,1
234547,234547,234547,WEJHEROWO,95793,234547,1
234548,234548,234548,Gdańsk Śródmieście,59482,234548,1
234549,234549,234549,RUMIA,95607,234549,1
234550,234550,234550,WEJHEROWO,95633,234550,1
234551,234551,234551,RUMIA,95601,234551,1
234552,234552,234552,WEJHEROWO,95719,234552,1
234553,234553,234553,Gdynia Cisowa,95451,234553,1
234554,234554,234554,Gdynia Cisowa,95465,234554,1
234555,234555,234555,Gdynia Cisowa,95467,234555,1
234556,234556,234556,Gdańsk Śródmieście,59678,234556,1
234557,234557,234557,Gdynia Cisowa,95441,234557,1
234558,234558,234558,Gdańsk Śródmieście,59470,234558,1
234559,234559,234559,Gdańsk Śródmieście,59478,234559,1
234560,234560,234560,Gdynia Cisowa,95471,234560,1
234561,234561,234561,Gdynia Cisowa,95473,234561,1
234562,234562,234562,Gdańsk Śródmieście,59694,234562,1
234563,234563,234563,Gdańsk Śródmieście,59696,234563,1
234564,234564,234564,Gdynia Cisowa,95317,234564,1
234565,234565,234565,Gdynia Cisowa,95461,234565,1
234566,234566,234566,Gdynia Cisowa,95453,234566,1
234567,234567,234567,Gdańsk Śródmieście,59742,234567,1
234568,234568,234568,Gdańsk Śródmieście,59736,234568,1
234569,234569,234569,Gdańsk Śródmieście,59732,234569,1
234570,234570,234570,WEJHEROWO,95703,234570,1
234571,234571,234571,WEJHEROWO,95751,234571,1
234572,234572,234572,WEJHEROWO,95709,234572,1
234573,234573,234573,WEJHEROWO,95741,234573,1
234574,234574,234574,WEJHEROWO,95675,234574,1
234575,234575,234575,WEJHEROWO,95735,234575,1
234576,234576,234576,Gdańsk Śródmieście,59690,234576,1
234577,234577,234577,WEJHEROWO,95713,234577,1
234578,234578,234578,WEJHEROWO,95689,234578,1
234579,234579,234579,WEJHEROWO,95697,234579,1
234580,234580,234580,LĘBORK,95801,234580,1
234581,234581,234581,Gdańsk Śródmieście,59680,234581,1
234582,234582,234582,Gdańsk Śródmieście,59688,234582,1
234583,234583,234583,Gdańsk Śródmieście,59418,234583,1
234584,234584,234584,WEJHEROWO,95755,234584,1
234585,234585,234585,WEJHEROWO,95757,234585,1
234586,234586,234586,Gdańsk Śródmieście,59750,234586,1
234587,234587,234587,REDA,95603,234587,1
234588,234588,234588,Gdańsk Śródmieście,59762,234588,1
234589,234589,234589,Gdańsk Śródmieście,59606,234589,1
234590,234590,234590,Gdynia Cisowa,95475,234590,1
234591,234591,234591,Gdańsk Śródmieście,59460,234591,1
234592,234592,234592,Gdańsk Śródmieście,59454,234592,1
234593,234593,234593,Gdańsk Śródmieście,59416,234593,1
234594,234594,234594,WEJHEROWO,95765,234594,1
234595,234595,234595,GDAŃSK GŁÓWNY,59698,234595,1
234596,234596,234596,WEJHEROWO,95739,234596,1
234597,234597,234597,Gdańsk Śródmieście,59458,234597,1
234598,234598,234598,Gdańsk Śródmieście,59738,234598,1
234599,234599,234599,WEJHEROWO,95779,234599,1
234600,234600,234600,WEJHEROWO,95767,234600,1
234601,234601,234601,WEJHEROWO,95693,234601,1
234602,234602,234602,WEJHEROWO,95763,234602,1
234603,234603,234603,Gdańsk Śródmieście,59482,234603,1
234604,234604,234604,GDAŃSK GŁÓWNY,59702,234604,1
234605,234605,234605,Gdańsk Śródmieście,59772,234605,1
234606,234606,234606,Gdańsk Śródmieście,59786,234606,1
234607,234607,234607,WEJHEROWO,95673,234607,1
234608,234608,234608,Gdańsk Śródmieście,59734,234608,1
234609,234609,234609,Gdańsk Śródmieście,59752,234609,1
234610,234610,234610,WEJHEROWO,95729,234610,1
234611,234611,234611,WEJHEROWO,95743,234611,1
234612,234612,234612,WEJHEROWO,95793,234612,1
234613,234613,234613,Gdańsk Śródmieście,59686,234613,1
234614,234614,234614,Gdańsk Śródmieście,59680,234614,1
234615,234615,234615,Gdańsk Śródmieście,59814,234615,1
234616,234616,234616,Gdańsk Śródmieście,59804,234616,1
234617,234617,234617,Gdynia Cisowa,95431,234617,1
234618,234618,234618,Gdynia Cisowa,95477,234618,1
234619,234619,234619,WEJHEROWO,95759,234619,1
234620,234620,234620,Gdańsk Śródmieście,59758,234620,1
234621,234621,234621,Gdańsk Śródmieście,59780,234621,1
234622,234622,234622,Gdańsk Śródmieście,59738,234622,1
234623,234623,234623,Gdańsk Śródmieście,59686,234623,1
234624,234624,234624,Gdańsk Śródmieście,59404,234624,1
234625,234625,234625,Gdańsk Śródmieście,59706,234625,1
234626,234626,234626,Gdynia Cisowa,95313,234626,1
234627,234627,234627,Gdynia Cisowa,95483,234627,1
234628,234628,234628,Gdańsk Śródmieście,59810,234628,1
234629,234629,234629,Gdynia Cisowa,95311,234629,1
234630,234630,234630,Gdynia Cisowa,95475,234630,1
234631,234631,234631,Gdynia Cisowa,95479,234631,1
234632,234632,234632,WEJHEROWO,95739,234632,1
234633,234633,234633,WEJHEROWO,95667,234633,1
234634,234634,234634,Gdańsk Śródmieście,59478,234634,1
234635,234635,234635,Gdynia Cisowa,95485,234635,1
234636,234636,234636,WEJHEROWO,95697,234636,1
234637,234637,234637,Gdańsk Śródmieście,59802,234637,1
234638,234638,234638,Gdynia Cisowa,95401,234638,1
234639,234639,234639,Gdańsk Śródmieście,59610,234639,1
234640,234640,234640,Gdańsk Śródmieście,59604,234640,1
234641,234641,234641,Gdańsk Śródmieście,59722,234641,1
234642,234642,234642,Gdańsk Śródmieście,59478,234642,1
234643,234643,234643,Gdańsk Śródmieście,59728,234643,1
234644,234644,234644,Gdańsk Śródmieście,59744,234644,1
234645,234645,234645,WEJHEROWO,95709,234645,1
234646,234646,234646,WEJHEROWO,95705,234646,1
234647,234647,234647,WEJHEROWO,95737,234647,1
234648,234648,234648,Gdańsk Śródmieście,59620,234648,1
234649,234649,234649,Gdańsk Śródmieście,59724,234649,1
234650,234650,234650,Gdańsk Śródmieście,59740,234650,1
234651,234651,234651,Gdańsk Śródmieście,59784,234651,1
234652,234652,234652,WEJHEROWO,95713,234652,1
234653,234653,234653,WEJHEROWO,95671,234653,1
234654,234654,234654,WEJHEROWO,95775,234654,1
234655,234655,234655,Gdańsk Śródmieście,59420,234655,1
234656,234656,234656,Gdynia Cisowa,95485,234656,1
234657,234657,234657,Gdynia Cisowa,95487,234657,1
234658,234658,234658,Gdańsk Śródmieście,59804,234658,1
234659,234659,234659,WEJHEROWO,95701,234659,1
234660,234660,234660,WEJHEROWO,95707,234660,1
234661,234661,234661,Gdańsk Śródmieście,59778,234661,1
234662,234662,234662,Gdańsk Śródmieście,59410,234662,1
234663,234663,234663,LĘBORK,95811,234663,1
234664,234664,234664,Gdynia Cisowa,95411,234664,1
234665,234665,234665,Gdynia Cisowa,95409,234665,1
234666,234666,234666,Gdynia Cisowa,95419,234666,1
234667,234667,234667,Gdańsk Śródmieście,59756,234667,1
234668,234668,234668,Gdańsk Śródmieście,59418,234668,1
234669,234669,234669,Gdańsk Śródmieście,59420,234669,1
234670,234670,234670,WEJHEROWO,95679,234670,1
234671,234671,234671,Gdańsk Śródmieście,59806,234671,1
234672,234672,234672,WEJHEROWO,95723,234672,1
234673,234673,234673,WEJHEROWO,95725,234673,1
234674,234674,234674,Gdańsk Śródmieście,59760,234674,1
234675,234675,234675,Gdańsk Śródmieście,59464,234675,1
234676,234676,234676,Gdańsk Śródmieście,59478,234676,1
234677,234677,234677,Gdańsk Śródmieście,59608,234677,1
234678,234678,234678,Gdańsk Śródmieście,59412,234678,1
234679,234679,234679,Gdańsk Śródmieście,59458,234679,1
234680,234680,234680,Gdańsk Śródmieście,59732,234680,1
234681,234681,234681,Gdańsk Śródmieście,59440,234681,1
234682,234682,234682,Gdańsk Śródmieście,59732,234682,1
234683,234683,234683,Gdynia Cisowa,95417,234683,1
234684,234684,234684,Gdynia Cisowa,95449,234684,1
234685,234685,234685,Gdynia Cisowa,95469,234685,1
234686,234686,234686,GDAŃSK GŁÓWNY,59486,234686,1
234687,234687,234687,Gdańsk Śródmieście,59602,234687,1
234688,234688,234688,Gdańsk Śródmieście,59612,234688,1
234689,234689,234689,Gdańsk Śródmieście,59724,234689,1
234690,234690,234690,WEJHEROWO,95777,234690,1
234691,234691,234691,Gdańsk Śródmieście,59786,234691,1
234692,234692,234692,WEJHEROWO,95689,234692,1
234693,234693,234693,WEJHEROWO,95665,234693,1
234694,234694,234694,LĘBORK,95813,234694,1
234695,234695,234695,WEJHEROWO,95695,234695,1
234696,234696,234696,Gdynia Cisowa,95401,234696,1
234697,234697,234697,Gdynia Cisowa,95483,234697,1
234698,234698,234698,WEJHEROWO,95717,234698,1
234699,234699,234699,WEJHEROWO,95735,234699,1
234700,234700,234700,WEJHEROWO,95749,234700,1
234701,234701,234701,Gdańsk Śródmieście,59406,234701,1
234702,234702,234702,Gdańsk Śródmieście,59408,234702,1
234703,234703,234703,Gdańsk Śródmieście,59402,234703,1
234704,234704,234704,Gdańsk Śródmieście,59718,234704,1
234705,234705,234705,Gdańsk Śródmieście,59706,234705,1
234706,234706,234706,WEJHEROWO,95733,234706,1
234707,234707,234707,WEJHEROWO,95669,234707,1
234708,234708,234708,WEJHEROWO,95687,234708,1
234709,234709,234709,WEJHEROWO,95797,234709,1
234710,234710,234710,LĘBORK,95805,234710,1
234711,234711,234711,Gdańsk Śródmieście,59782,234711,1
234712,234712,234712,Gdańsk Śródmieście,59738,234712,1
234713,234713,234713,Gdańsk Śródmieście,59750,234713,1
234714,234714,234714,Gdańsk Śródmieście,59754,234714,1
234715,234715,234715,Gdańsk Śródmieście,59682,234715,1
234716,234716,234716,WEJHEROWO,95711,234716,1
234717,234717,234717,WEJHEROWO,95677,234717,1
234718,234718,234718,Gdańsk Śródmieście,59694,234718,1
234719,234719,234719,Gdańsk Śródmieście,59694,234719,1
234720,234720,234720,WEJHEROWO,95703,234720,1
234721,234721,234721,Gdańsk Śródmieście,59784,234721,1
234722,234722,234722,Gdańsk Śródmieście,59692,234722,1
234723,234723,234723,Gdańsk Śródmieście,59720,234723,1
234724,234724,234724,Gdańsk Śródmieście,59686,234724,1
234725,234725,234725,Gdańsk Śródmieście,59738,234725,1
234726,234726,234726,Gdańsk Śródmieście,59682,234726,1
234727,234727,234727,Gdańsk Śródmieście,59678,234727,1
234728,234728,234728,Gdańsk Śródmieście,59686,234728,1
234729,234729,234729,Gdańsk Śródmieście,59810,234729,1
234730,234730,234730,WEJHEROWO,95753,234730,1
234731,234731,234731,WEJHEROWO,95671,234731,1
234732,234732,234732,WEJHEROWO,95665,234732,1
234733,234733,234733,WEJHEROWO,95717,234733,1
234734,234734,234734,WEJHEROWO,95713,234734,1
234735,234735,234735,Gdańsk Śródmieście,59404,234735,1
234736,234736,234736,Gdańsk Śródmieście,59788,234736,1
234737,234737,234737,Gdańsk Śródmieście,59792,234737,1
234738,234738,234738,WEJHEROWO,95721,234738,1
234739,234739,234739,WEJHEROWO,95731,234739,1
234740,234740,234740,WEJHEROWO,95681,234740,1
234741,234741,234741,WEJHEROWO,95699,234741,1
234742,234742,234742,WEJHEROWO,95741,234742,1
234743,234743,234743,LĘBORK,95809,234743,1
234744,234744,234744,GDAŃSK GŁÓWNY,59704,234744,1
234745,234745,234745,Gdynia Cisowa,95429,234745,1
234746,234746,234746,Gdańsk Śródmieście,59750,234746,1
234747,234747,234747,Gdańsk Śródmieście,59806,234747,1
234748,234748,234748,WEJHEROWO,95665,234748,1
234749,234749,234749,GDYNIA GŁÓWNA,95419,234749,1
234750,234750,234750,GDYNIA GŁÓWNA,95437,234750,1
234751,234751,234751,GDYNIA GŁÓWNA,95465,234751,1
234752,234752,234752,GDYNIA GŁÓWNA,95435,234752,1
234753,234753,234753,GDYNIA GŁÓWNA,95605,234753,1
234754,234754,234754,Gdańsk Śródmieście,59446,234754,1
234755,234755,234755,GDYNIA GŁÓWNA,95781,234755,1
234756,234756,234756,WEJHEROWO,95725,234756,1
234757,234757,234757,WEJHEROWO,95731,234757,1
234758,234758,234758,Gdańsk Śródmieście,59746,234758,1
234759,234759,234759,Gdańsk Śródmieście,59742,234759,1
234760,234760,234760,Gdańsk Śródmieście,59786,234760,1
234761,234761,234761,Gdynia Cisowa,95423,234761,1
234762,234762,234762,WEJHEROWO,95685,234762,1
234763,234763,234763,WEJHEROWO,95717,234763,1
234764,234764,234764,WEJHEROWO,95695,234764,1
234765,234765,234765,WEJHEROWO,95699,234765,1
234766,234766,234766,GDAŃSK GŁÓWNY,59486,234766,1
234767,234767,234767,LĘBORK,95815,234767,1
234768,234768,234768,Gdańsk Śródmieście,59792,234768,1
234769,234769,234769,WEJHEROWO,95691,234769,1
234770,234770,234770,WEJHEROWO,95721,234770,1
234771,234771,234771,WEJHEROWO,95793,234771,1
234772,234772,234772,WEJHEROWO,95697,234772,1
234773,234773,234773,WEJHEROWO,95679,234773,1
234774,234774,234774,WEJHEROWO,95733,234774,1
234775,234775,234775,WEJHEROWO,95741,234775,1
234776,234776,234776,WEJHEROWO,95689,234776,1
234777,234777,234777,WEJHEROWO,95783,234777,1
234778,234778,234778,LĘBORK,95805,234778,1
234779,234779,234779,Gdańsk Śródmieście,59720,234779,1
234780,234780,234780,Gdańsk Śródmieście,59754,234780,1
234781,234781,234781,WEJHEROWO,95761,234781,1
234782,234782,234782,Gdańsk Śródmieście,59400,234782,1
234783,234783,234783,WEJHEROWO,95727,234783,1
234784,234784,234784,Gdańsk Śródmieście,59600,234784,1
234785,234785,234785,Gdańsk Śródmieście,59450,234785,1
234786,234786,234786,WEJHEROWO,95775,234786,1
234787,234787,234787,WEJHEROWO,95787,234787,1
234788,234788,234788,Gdańsk Śródmieście,59756,234788,1
234789,234789,234789,Gdańsk Śródmieście,59782,234789,1
234790,234790,234790,Gdańsk Śródmieście,59414,234790,1
234791,234791,234791,Gdańsk Śródmieście,59604,234791,1
234792,234792,234792,Gdańsk Śródmieście,59772,234792,1
234793,234793,234793,WEJHEROWO,95681,234793,1
234794,234794,234794,Gdańsk Śródmieście,59670,234794,1
234795,234795,234795,Gdańsk Śródmieście,59666,234795,1
234796,234796,234796,WEJHEROWO,95733,234796,1
234797,234797,234797,WEJHEROWO,95729,234797,1
234798,234798,234798,WEJHEROWO,95785,234798,1
234799,234799,234799,Gdańsk Śródmieście,59620,234799,1
234800,234800,234800,Gdańsk Śródmieście,59690,234800,1
234801,234801,234801,WEJHEROWO,95757,234801,1
234802,234802,234802,WEJHEROWO,95795,234802,1
234803,234803,234803,LĘBORK,95809,234803,1
234804,234804,234804,WEJHEROWO,95711,234804,1
234805,234805,234805,WEJHEROWO,95755,234805,1
234806,234806,234806,LĘBORK,95813,234806,1
234807,234807,234807,WEJHEROWO,95731,234807,1
234808,234808,234808,WEJHEROWO,95749,234808,1
234809,234809,234809,WEJHEROWO,95717,234809,1
234810,234810,234810,Gdańsk Śródmieście,59720,234810,1
234811,234811,234811,Gdańsk Śródmieście,59754,234811,1
234812,234812,234812,Gdańsk Śródmieście,59682,234812,1
234813,234813,234813,Gdańsk Śródmieście,59796,234813,1
234814,234814,234814,Gdynia Cisowa,95489,234814,1
234815,234815,234815,GDAŃSK GŁÓWNY,59700,234815,1
234816,234816,234816,Gdańsk Śródmieście,59484,234816,1
234817,234817,234817,Gdańsk Śródmieście,59800,234817,1
234818,234818,234818,WEJHEROWO,95799,234818,1
234819,234819,234819,Gdańsk Śródmieście,59668,234819,1
234820,234820,234820,Gdańsk Śródmieście,59730,234820,1
234821,234821,234821,Gdańsk Śródmieście,59690,234821,1
234822,234822,234822,WEJHEROWO,95665,234822,1
234823,234823,234823,Gdynia Cisowa,95481,234823,1
234824,234824,234824,WEJHEROWO,95761,234824,1
234825,234825,234825,Gdańsk Śródmieście,59792,234825,1
234826,234826,234826,WEJHEROWO,95693,234826,1
234827,234827,234827,LĘBORK,95809,234827,1
234828,234828,234828,WEJHEROWO,95685,234828,1
234829,234829,234829,WEJHEROWO,95753,234829,1
234830,234830,234830,WEJHEROWO,95739,234830,1
234831,234831,234831,WEJHEROWO,95717,234831,1
234832,234832,234832,LĘBORK,95813,234832,1
234833,234833,234833,WEJHEROWO,95713,234833,1
234834,234834,234834,Gdańsk Śródmieście,59742,234834,1
234835,234835,234835,WEJHEROWO,95687,234835,1
234836,234836,234836,Gdańsk Śródmieście,59808,234836,1
234837,234837,234837,Gdańsk Śródmieście,59814,234837,1
234838,234838,234838,Gdynia Cisowa,95415,234838,1
234839,234839,234839,Gdynia Cisowa,95487,234839,1
234840,234840,234840,Gdańsk Śródmieście,59800,234840,1
234841,234841,234841,Gdynia Cisowa,95413,234841,1
234842,234842,234842,Gdynia Cisowa,95489,234842,1
234843,234843,234843,WEJHEROWO,95745,234843,1
234844,234844,234844,Gdańsk Śródmieście,59746,234844,1
234845,234845,234845,Gdańsk Śródmieście,59798,234845,1
234846,234846,234846,Gdynia Cisowa,95421,234846,1
234847,234847,234847,Gdynia Cisowa,95487,234847,1
234848,234848,234848,WEJHEROWO,95689,234848,1
234849,234849,234849,Gdańsk Śródmieście,59422,234849,1
234850,234850,234850,Gdańsk Śródmieście,59726,234850,1
234851,234851,234851,Gdańsk Śródmieście,59696,234851,1
234852,234852,234852,Gdańsk Śródmieście,59692,234852,1
234853,234853,234853,Gdańsk Śródmieście,59608,234853,1
234854,234854,234854,Gdańsk Śródmieście,59736,234854,1
234855,234855,234855,Gdańsk Śródmieście,59740,234855,1
234856,234856,234856,WEJHEROWO,95709,234856,1
234857,234857,234857,WEJHEROWO,95713,234857,1
234858,234858,234858,Gdańsk Śródmieście,59798,234858,1
234859,234859,234859,WEJHEROWO,95707,234859,1
234860,234860,234860,WEJHEROWO,95715,234860,1
234861,234861,234861,WEJHEROWO,95633,234861,1
234862,234862,234862,Gdańsk Śródmieście,59710,234862,1
234863,234863,234863,Gdańsk Śródmieście,59728,234863,1
234864,234864,234864,Gdańsk Śródmieście,59706,234864,1
234865,234865,234865,Gdańsk Śródmieście,59684,234865,1
234866,234866,234866,Gdynia Cisowa,95413,234866,1
234867,234867,234867,Gdańsk Śródmieście,59706,234867,1
234868,234868,234868,WEJHEROWO,95675,234868,1
234869,234869,234869,Gdańsk Śródmieście,59808,234869,1
234870,234870,234870,Gdańsk Śródmieście,59684,234870,1
234871,234871,234871,Gdańsk Śródmieście,59692,234871,1
234872,234872,234872,GDAŃSK GŁÓWNY,59698,234872,1
234873,234873,234873,Gdańsk Śródmieście,59718,234873,1
234874,234874,234874,WEJHEROWO,95729,234874,1
234875,234875,234875,WEJHEROWO,95745,234875,1
234876,234876,234876,Gdańsk Śródmieście,59772,234876,1
234877,234877,234877,Gdańsk Śródmieście,59756,234877,1
234878,234878,234878,LĘBORK,95801,234878,1
234879,234879,234879,WEJHEROWO,95725,234879,1
234880,234880,234880,LĘBORK,95809,234880,1
234881,234881,234881,WEJHEROWO,95711,234881,1
234882,234882,234882,WEJHEROWO,95713,234882,1
234883,234883,234883,WEJHEROWO,95665,234883,1
234884,234884,234884,LĘBORK,95801,234884,1
234885,234885,234885,WEJHEROWO,95739,234885,1
234886,234886,234886,WEJHEROWO,95749,234886,1
234887,234887,234887,WEJHEROWO,95799,234887,1
234888,234888,234888,Gdańsk Śródmieście,59808,234888,1
234889,234889,234889,Gdynia Cisowa,95401,234889,1
234890,234890,234890,Gdańsk Śródmieście,59692,234890,1
234891,234891,234891,Gdańsk Śródmieście,59696,234891,1
234892,234892,234892,Gdańsk Śródmieście,59696,234892,1
234893,234893,234893,Gdynia Cisowa,95401,234893,1
234894,234894,234894,Gdynia Cisowa,95401,234894,1
234895,234895,234895,Gdańsk Śródmieście,59694,234895,1
234896,234896,234896,Gdańsk Śródmieście,59696,234896,1
234897,234897,234897,WEJHEROWO,95725,234897,1
234898,234898,234898,WEJHEROWO,95665,234898,1
234899,234899,234899,Gdańsk Śródmieście,59780,234899,1
234900,234900,234900,Gdańsk Śródmieście,59482,234900,1
234901,234901,234901,Gdańsk Śródmieście,59692,234901,1
234902,234902,234902,Gdańsk Śródmieście,59480,234902,1
234903,234903,234903,Gdańsk Śródmieście,59686,234903,1
234904,234904,234904,Gdańsk Śródmieście,59484,234904,1
234905,234905,234905,Gdańsk Śródmieście,59728,234905,1
234906,234906,234906,Gdańsk Śródmieście,59794,234906,1
234907,234907,234907,Gdańsk Śródmieście,59800,234907,1
234908,234908,234908,Gdańsk Śródmieście,59742,234908,1
234909,234909,234909,Gdańsk Śródmieście,59786,234909,1
234910,234910,234910,WEJHEROWO,95679,234910,1
234911,234911,234911,WEJHEROWO,95749,234911,1
234912,234912,234912,WEJHEROWO,95751,234912,1
234913,234913,234913,WEJHEROWO,95739,234913,1
234914,234914,234914,WEJHEROWO,95737,234914,1
234915,234915,234915,Gdańsk Śródmieście,59686,234915,1
234916,234916,234916,Gdańsk Śródmieście,59790,234916,1
234917,234917,234917,WEJHEROWO,95711,234917,1
234918,234918,234918,LĘBORK,95801,234918,1
234919,234919,234919,WEJHEROWO,95751,234919,1
234920,234920,234920,WEJHEROWO,95707,234920,1
234921,234921,234921,GDYNIA GŁÓWNA,95409,234921,1
234922,234922,234922,Gdańsk Śródmieście,59418,234922,1
234923,234923,234923,GDYNIA GŁÓWNA,95467,234923,1
234924,234924,234924,WEJHEROWO,95743,234924,1
234925,234925,234925,WEJHEROWO,95717,234925,1
234926,234926,234926,LĘBORK,95809,234926,1
234927,234927,234927,WEJHEROWO,95721,234927,1
234928,234928,234928,WEJHEROWO,95713,234928,1
234929,234929,234929,WEJHEROWO,95665,234929,1
234930,234930,234930,WEJHEROWO,95733,234930,1
234931,234931,234931,WEJHEROWO,95693,234931,1
234932,234932,234932,WEJHEROWO,95709,234932,1
234933,234933,234933,LĘBORK,95801,234933,1
234934,234934,234934,WEJHEROWO,95733,234934,1
234935,234935,234935,WEJHEROWO,95709,234935,1
234936,234936,234936,Gdańsk Śródmieście,59706,234936,1
234937,234937,234937,LĘBORK,95813,234937,1
234938,234938,234938,WEJHEROWO,95741,234938,1
234939,234939,234939,WEJHEROWO,95797,234939,1
234940,234940,234940,WEJHEROWO,95675,234940,1
234941,234941,234941,LĘBORK,95809,234941,1
234942,234942,234942,Gdańsk Śródmieście,59780,234942,1
234943,234943,234943,WEJHEROWO,95795,234943,1
234944,234944,234944,Gdańsk Śródmieście,59686,234944,1
234945,234945,234945,Gdańsk Śródmieście,59706,234945,1
234946,234946,234946,LĘBORK,95801,234946,1
234947,234947,234947,WEJHEROWO,95681,234947,1
234948,234948,234948,WEJHEROWO,95667,234948,1
234949,234949,234949,WEJHEROWO,95793,234949,1
234950,234950,234950,Gdańsk Śródmieście,59786,234950,1
234951,234951,234951,WEJHEROWO,95669,234951,1
234952,234952,234952,Gdańsk Śródmieście,59796,234952,1
234953,234953,234953,Gdańsk Śródmieście,59800,234953,1
234954,234954,234954,Gdańsk Śródmieście,59430,234954,1
234955,234955,234955,Gdańsk Śródmieście,59474,234955,1
234956,234956,234956,GDYNIA CHYLONIA,95431,234956,1
234957,234957,234957,GDYNIA CHYLONIA,95463,234957,1
234958,234958,234958,WEJHEROWO,95757,234958,1
234959,234959,234959,Gdańsk Śródmieście,59674,234959,1
234960,234960,234960,WEJHEROWO,95685,234960,1
234961,234961,234961,Gdańsk Śródmieście,59790,234961,1
234962,234962,234962,Gdańsk Śródmieście,59786,234962,1
234963,234963,234963,Gdańsk Śródmieście,59742,234963,1
234964,234964,234964,Gdańsk Śródmieście,59792,234964,1
234965,234965,234965,Gdańsk Śródmieście,59690,234965,1
234966,234966,234966,Gdańsk Śródmieście,59706,234966,1
234967,234967,234967,WEJHEROWO,95687,234967,1
234968,234968,234968,Gdynia Cisowa,95481,234968,1
234969,234969,234969,Gdańsk Śródmieście,59682,234969,1
234970,234970,234970,Gdańsk Śródmieście,59784,234970,1
234971,234971,234971,Gdańsk Śródmieście,59684,234971,1
234972,234972,234972,Gdańsk Śródmieście,59784,234972,1
234973,234973,234973,Gdańsk Śródmieście,59732,234973,1
234974,234974,234974,WEJHEROWO,95709,234974,1
234975,234975,234975,WEJHEROWO,95709,234975,1
234976,234976,234976,GDYNIA CHYLONIA,95443,234976,1
234977,234977,234977,GDYNIA CHYLONIA,95445,234977,1
234978,234978,234978,GDYNIA CHYLONIA,95309,234978,1
234979,234979,234979,Gdańsk Śródmieście,59444,234979,1
234980,234980,234980,Gdańsk Śródmieście,59442,234980,1
234981,234981,234981,Gdańsk Śródmieście,59472,234981,1
234982,234982,234982,Gdańsk Śródmieście,59312,234982,1
234983,234983,234983,LĘBORK,95817,234983,1
234984,234984,234984,Gdańsk Śródmieście,59744,234984,1
234985,234985,234985,Gdańsk Śródmieście,59482,234985,1
234986,234986,234986,Gdańsk Śródmieście,59668,234986,1
234987,234987,234987,Gdańsk Śródmieście,59764,234987,1
234988,234988,234988,Gdańsk Śródmieście,59712,234988,1
234989,234989,234989,WEJHEROWO,95741,234989,1
234990,234990,234990,WEJHEROWO,95721,234990,1
234991,234991,234991,WEJHEROWO,95717,234991,1
234992,234992,234992,GDYNIA CHYLONIA,59670,234992,1
234993,234993,234993,WEJHEROWO,95717,234993,1
234994,234994,234994,WEJHEROWO,95713,234994,1
234995,234995,234995,WEJHEROWO,95753,234995,1
234996,234996,234996,LĘBORK,95807,234996,1
234997,234997,234997,WEJHEROWO,95749,234997,1
234998,234998,234998,WEJHEROWO,95671,234998,1
234999,234999,234999,Gdańsk Śródmieście,59620,234999,1
235000,235000,235000,Gdańsk Śródmieście,59748,235000,1
235001,235001,235001,WEJHEROWO,95675,235001,1
235002,235002,235002,WEJHEROWO,95799,235002,1
235003,235003,235003,Gdańsk Śródmieście,59810,235003,1
235004,235004,235004,WEJHEROWO,95729,235004,1
235005,235005,235005,WEJHEROWO,95709,235005,1
235006,235006,235006,WEJHEROWO,95713,235006,1
235007,235007,235007,Gdańsk Śródmieście,59772,235007,1
235008,235008,235008,Gdańsk Śródmieście,59742,235008,1
235009,235009,235009,WEJHEROWO,95701,235009,1
235010,235010,235010,WEJHEROWO,95675,235010,1
235011,235011,235011,WEJHEROWO,95681,235011,1
235012,235012,235012,LĘBORK,95813,235012,1
235013,235013,235013,Gdańsk Śródmieście,59796,235013,1
235014,235014,235014,LĘBORK,95803,235014,1
235015,235015,235015,WEJHEROWO,95799,235015,1
235016,235016,235016,Gdańsk Śródmieście,59718,235016,1
235017,235017,235017,Gdańsk Śródmieście,59786,235017,1
235018,235018,235018,Gdańsk Śródmieście,59800,235018,1
235019,235019,235019,WEJHEROWO,95701,235019,1
235020,235020,235020,WEJHEROWO,95743,235020,1
235021,235021,235021,LĘBORK,95807,235021,1
235022,235022,235022,LĘBORK,95813,235022,1
235023,235023,235023,WEJHEROWO,95761,235023,1
235024,235024,235024,Gdynia Cisowa,95469,235024,1
235025,235025,235025,GDAŃSK GŁÓWNY,59486,235025,1
235026,235026,235026,WEJHEROWO,95711,235026,1
235027,235027,235027,WEJHEROWO,95721,235027,1
235028,235028,235028,WEJHEROWO,95753,235028,1
235029,235029,235029,Gdańsk Śródmieście,59688,235029,1
235030,235030,235030,Gdańsk Śródmieście,59746,235030,1
235031,235031,235031,WEJHEROWO,95797,235031,1
235032,235032,235032,WEJHEROWO,95665,235032,1
235033,235033,235033,WEJHEROWO,95713,235033,1
235034,235034,235034,WEJHEROWO,95729,235034,1
235035,235035,235035,Gdańsk Śródmieście,59694,235035,1
235036,235036,235036,Gdańsk Śródmieście,59692,235036,1
235037,235037,235037,WEJHEROWO,95717,235037,1
235038,235038,235038,WEJHEROWO,95721,235038,1
235039,235039,235039,WEJHEROWO,95675,235039,1
235040,235040,235040,WEJHEROWO,95747,235040,1
235041,235041,235041,WEJHEROWO,95761,235041,1
235042,235042,235042,LĘBORK,95809,235042,1
235043,235043,235043,WEJHEROWO,95673,235043,1
235044,235044,235044,WEJHEROWO,95703,235044,1
235045,235045,235045,WEJHEROWO,95753,235045,1
235046,235046,235046,Gdynia Cisowa,95459,235046,1
235047,235047,235047,WEJHEROWO,95707,235047,1
235048,235048,235048,WEJHEROWO,95685,235048,1
235049,235049,235049,WEJHEROWO,95711,235049,1
235050,235050,235050,LĘBORK,95809,235050,1
235051,235051,235051,GDAŃSK GŁÓWNY,59704,235051,1
235052,235052,235052,WEJHEROWO,95701,235052,1
235053,235053,235053,WEJHEROWO,95701,235053,1
235054,235054,235054,WEJHEROWO,95705,235054,1
235055,235055,235055,WEJHEROWO,95693,235055,1
235056,235056,235056,WEJHEROWO,95695,235056,1
235057,235057,235057,Gdańsk Śródmieście,59482,235057,1
235058,235058,235058,GDYNIA CHYLONIA,95327,235058,1
235059,235059,235059,LĘBORK,95801,235059,1
235060,235060,235060,WEJHEROWO,95703,235060,1
235061,235061,235061,Gdańsk Śródmieście,59808,235061,1
235062,235062,235062,WEJHEROWO,95725,235062,1
235063,235063,235063,Gdańsk Śródmieście,59786,235063,1
235064,235064,235064,LĘBORK,95801,235064,1
235065,235065,235065,WEJHEROWO,95739,235065,1
235066,235066,235066,WEJHEROWO,95709,235066,1
235067,235067,235067,LĘBORK,95801,235067,1
235068,235068,235068,WEJHEROWO,95679,235068,1
235069,235069,235069,WEJHEROWO,95739,235069,1
235070,235070,235070,LĘBORK,95809,235070,1
235071,235071,235071,WEJHEROWO,95685,235071,1
235072,235072,235072,LĘBORK,95809,235072,1
235073,235073,235073,WEJHEROWO,95679,235073,1
235074,235074,235074,WEJHEROWO,95671,235074,1
235075,235075,235075,Gdańsk Śródmieście,59706,235075,1
235076,235076,235076,Gdańsk Śródmieście,59788,235076,1
235077,235077,235077,WEJHEROWO,95751,235077,1
235078,235078,235078,WEJHEROWO,95771,235078,1
235079,235079,235079,Gdańsk Śródmieście,59448,235079,1
235080,235080,235080,Gdańsk Śródmieście,59728,235080,1
235081,235081,235081,Gdańsk Śródmieście,59424,235081,1
235082,235082,235082,Gdańsk Śródmieście,59438,235082,1
235083,235083,235083,Gdańsk Śródmieście,59766,235083,1
235084,235084,235084,Gdańsk Śródmieście,59780,235084,1
235085,235085,235085,Gdańsk Śródmieście,59414,235085,1
235086,235086,235086,Gdańsk Śródmieście,59480,235086,1
235087,235087,235087,WEJHEROWO,95687,235087,1
235088,235088,235088,WEJHEROWO,95797,235088,1
235089,235089,235089,Gdańsk Śródmieście,59730,235089,1
235090,235090,235090,Gdańsk Śródmieście,59734,235090,1
235091,235091,235091,Gdańsk Śródmieście,59476,235091,1
235092,235092,235092,Gdańsk Śródmieście,59426,235092,1
235093,235093,235093,Gdańsk Śródmieście,59436,235093,1
235094,235094,235094,GDYNIA CHYLONIA,95427,235094,1
235095,235095,235095,GDYNIA CHYLONIA,95437,235095,1
235096,235096,235096,WEJHEROWO,95785,235096,1
235097,235097,235097,WEJHEROWO,95789,235097,1
235098,235098,235098,WEJHEROWO,95743,235098,1
235099,235099,235099,WEJHEROWO,95759,235099,1
235100,235100,235100,GDAŃSK GŁÓWNY,59700,235100,1
235101,235101,235101,WEJHEROWO,95723,235101,1
235102,235102,235102,WEJHEROWO,95773,235102,1
235103,235103,235103,Gdańsk Śródmieście,59444,235103,1
235104,235104,235104,Gdańsk Śródmieście,59718,235104,1
235105,235105,235105,Gdynia Cisowa,95415,235105,1
235106,235106,235106,WEJHEROWO,95763,235106,1
235107,235107,235107,Gdańsk Śródmieście,59484,235107,1
235108,235108,235108,WEJHEROWO,95695,235108,1
235109,235109,235109,WEJHEROWO,95695,235109,1
235110,235110,235110,WEJHEROWO,95695,235110,1
235111,235111,235111,Gdańsk Śródmieście,59804,235111,1
235112,235112,235112,Gdańsk Śródmieście,59762,235112,1
235113,235113,235113,Gdańsk Śródmieście,59726,235113,1
235114,235114,235114,Gdańsk Śródmieście,59798,235114,1
235115,235115,235115,Gdańsk Śródmieście,59728,235115,1
235116,235116,235116,Gdańsk Śródmieście,59682,235116,1
235117,235117,235117,WEJHEROWO,95689,235117,1
235118,235118,235118,WEJHEROWO,95695,235118,1
235119,235119,235119,Gdańsk Śródmieście,59748,235119,1
235120,235120,235120,Gdańsk Śródmieście,59744,235120,1
235121,235121,235121,WEJHEROWO,95669,235121,1
235122,235122,235122,Gdańsk Śródmieście,59692,235122,1
235123,235123,235123,LĘBORK,95817,235123,1
235124,235124,235124,Gdańsk Śródmieście,59752,235124,1
235125,235125,235125,Gdańsk Śródmieście,59796,235125,1
235126,235126,235126,Gdańsk Śródmieście,59400,235126,1
235127,235127,235127,WEJHEROWO,95701,235127,1
235128,235128,235128,WEJHEROWO,95707,235128,1
235129,235129,235129,GDAŃSK GŁÓWNY,59704,235129,1
235130,235130,235130,Gdańsk Śródmieście,59780,235130,1
235131,235131,235131,WEJHEROWO,95793,235131,1
235132,235132,235132,WEJHEROWO,95735,235132,1
235133,235133,235133,WEJHEROWO,95755,235133,1
235134,235134,235134,WEJHEROWO,95755,235134,1
235135,235135,235135,Gdańsk Śródmieście,59786,235135,1
235136,235136,235136,Gdańsk Śródmieście,59748,235136,1
235137,235137,235137,GDYNIA CHYLONIA,59712,235137,1
235138,235138,235138,LĘBORK,95817,235138,1
235139,235139,235139,GDAŃSK GŁÓWNY,59698,235139,1
235140,235140,235140,GDYNIA CHYLONIA,59726,235140,1
235141,235141,235141,GDYNIA CHYLONIA,59720,235141,1
235142,235142,235142,Gdańsk Śródmieście,59754,235142,1
235143,235143,235143,Gdańsk Śródmieście,59750,235143,1
235144,235144,235144,Gdańsk Śródmieście,59776,235144,1
235145,235145,235145,WEJHEROWO,95791,235145,1
235146,235146,235146,Gdańsk Śródmieście,59440,235146,1
235147,235147,235147,Gdańsk Śródmieście,59732,235147,1
235148,235148,235148,Gdańsk Śródmieście,59744,235148,1
235149,235149,235149,Gdańsk Śródmieście,59432,235149,1
235150,235150,235150,Gdańsk Śródmieście,59466,235150,1
235151,235151,235151,Gdańsk Śródmieście,59760,235151,1
235152,235152,235152,Gdynia Cisowa,95435,235152,1
235153,235153,235153,GDYNIA CHYLONIA,95447,235153,1
235154,235154,235154,Gdańsk Śródmieście,59412,235154,1
235155,235155,235155,Gdańsk Śródmieście,59446,235155,1
235156,235156,235156,Gdańsk Śródmieście,59784,235156,1
235157,235157,235157,Gdynia Cisowa,95489,235157,1
235158,235158,235158,Gdańsk Śródmieście,59772,235158,1
235159,235159,235159,Gdańsk Śródmieście,59750,235159,1
235160,235160,235160,GDAŃSK GŁÓWNY,59700,235160,1
235161,235161,235161,GDAŃSK GŁÓWNY,59702,235161,1
235162,235162,235162,WEJHEROWO,95703,235162,1
235163,235163,235163,WEJHEROWO,95705,235163,1
235164,235164,235164,Gdańsk Śródmieście,59668,235164,1
235165,235165,235165,Gdańsk Śródmieście,59758,235165,1
235166,235166,235166,Gdańsk Śródmieście,59718,235166,1
235167,235167,235167,Gdańsk Śródmieście,59788,235167,1
235168,235168,235168,Gdańsk Śródmieście,59782,235168,1
235169,235169,235169,WEJHEROWO,95721,235169,1
235170,235170,235170,WEJHEROWO,95691,235170,1
235171,235171,235171,WEJHEROWO,95743,235171,1
235172,235172,235172,WEJHEROWO,95733,235172,1
235173,235173,235173,WEJHEROWO,95725,235173,1
235174,235174,235174,Gdańsk Śródmieście,59736,235174,1
235175,235175,235175,WEJHEROWO,95671,235175,1
235176,235176,235176,Gdańsk Śródmieście,59718,235176,1
235177,235177,235177,Gdańsk Śródmieście,59738,235177,1
235178,235178,235178,Gdańsk Śródmieście,59792,235178,1
235179,235179,235179,WEJHEROWO,95731,235179,1
235180,235180,235180,Gdańsk Śródmieście,59788,235180,1
235181,235181,235181,Gdańsk Śródmieście,59780,235181,1
235182,235182,235182,WEJHEROWO,95775,235182,1
235183,235183,235183,WEJHEROWO,95745,235183,1
235184,235184,235184,WEJHEROWO,95799,235184,1
235185,235185,235185,WEJHEROWO,95739,235185,1
235186,235186,235186,Gdańsk Śródmieście,59752,235186,1
235187,235187,235187,Gdańsk Śródmieście,59782,235187,1
235188,235188,235188,Gdańsk Śródmieście,59686,235188,1
235189,235189,235189,Gdańsk Śródmieście,59742,235189,1
235190,235190,235190,WEJHEROWO,95785,235190,1
235191,235191,235191,WEJHEROWO,95743,235191,1
235192,235192,235192,WEJHEROWO,95797,235192,1
235193,235193,235193,WEJHEROWO,95753,235193,1
235194,235194,235194,WEJHEROWO,95693,235194,1
235195,235195,235195,WEJHEROWO,95759,235195,1
235196,235196,235196,WEJHEROWO,95735,235196,1
235197,235197,235197,WEJHEROWO,95749,235197,1
235198,235198,235198,LĘBORK,95815,235198,1
235199,235199,235199,Gdańsk Śródmieście,59724,235199,1
235200,235200,235200,Gdańsk Śródmieście,59798,235200,1
235201,235201,235201,Gdańsk Śródmieście,59732,235201,1
235202,235202,235202,Gdańsk Śródmieście,59716,235202,1
235203,235203,235203,Gdańsk Śródmieście,59426,235203,1
235204,235204,235204,Gdańsk Śródmieście,59436,235204,1
235205,235205,235205,Gdańsk Śródmieście,59410,235205,1
235206,235206,235206,Gdańsk Śródmieście,59762,235206,1
235207,235207,235207,Gdańsk Śródmieście,59794,235207,1
235208,235208,235208,GDYNIA GŁÓWNA,95411,235208,1
235209,235209,235209,GDYNIA GŁÓWNA,95429,235209,1
235210,235210,235210,GDYNIA GŁÓWNA,95441,235210,1
235211,235211,235211,Gdańsk Śródmieście,59770,235211,1
235212,235212,235212,Gdynia Cisowa,95457,235212,1
235213,235213,235213,Gdańsk Śródmieście,59752,235213,1
235214,235214,235214,Gdańsk Śródmieście,59812,235214,1
235215,235215,235215,Gdynia Cisowa,95479,235215,1
235216,235216,235216,WEJHEROWO,95737,235216,1
235217,235217,235217,WEJHEROWO,95769,235217,1
235218,235218,235218,WEJHEROWO,95777,235218,1
235219,235219,235219,Gdańsk Śródmieście,59452,235219,1
235220,235220,235220,Gdańsk Śródmieście,59468,235220,1
235221,235221,235221,GDYNIA CHYLONIA,59710,235221,1
235222,235222,235222,Gdańsk Śródmieście,59800,235222,1
235223,235223,235223,WEJHEROWO,95717,235223,1
235224,235224,235224,GDYNIA CHYLONIA,95455,235224,1
235225,235225,235225,GDYNIA CHYLONIA,95473,235225,1
235226,235226,235226,Gdańsk Śródmieście,59774,235226,1
235227,235227,235227,Gdynia Cisowa,95485,235227,1
235228,235228,235228,WEJHEROWO,95711,235228,1
235229,235229,235229,WEJHEROWO,95759,235229,1
235230,235230,235230,LĘBORK,95813,235230,1
235231,235231,235231,Gdańsk Śródmieście,59724,235231,1
235232,235232,235232,Gdańsk Śródmieście,59804,235232,1
235233,235233,235233,Gdańsk Śródmieście,59674,235233,1
235234,235234,235234,Gdańsk Śródmieście,59744,235234,1
235235,235235,235235,Gdynia Cisowa,95465,235235,1
235236,235236,235236,Gdynia Cisowa,95479,235236,1
235237,235237,235237,Gdańsk Śródmieście,59796,235237,1
235238,235238,235238,Gdynia Cisowa,95485,235238,1
235239,235239,235239,WEJHEROWO,95781,235239,1
235240,235240,235240,Gdynia Cisowa,95481,235240,1
235241,235241,235241,WEJHEROWO,95679,235241,1
235242,235242,235242,WEJHEROWO,95785,235242,1
235243,235243,235243,Gdańsk Śródmieście,59754,235243,1
235244,235244,235244,WEJHEROWO,95731,235244,1
235245,235245,235245,WEJHEROWO,95691,235245,1
235246,235246,235246,WEJHEROWO,95729,235246,1
235247,235247,235247,GDYNIA GŁÓWNA,95407,235247,1
235248,235248,235248,GDYNIA GŁÓWNA,95603,235248,1
235249,235249,235249,WEJHEROWO,95795,235249,1
235250,235250,235250,WEJHEROWO,95797,235250,1
235251,235251,235251,GDYNIA GŁÓWNA,95761,235251,1
235252,235252,235252,WEJHEROWO,95745,235252,1
235253,235253,235253,WEJHEROWO,95783,235253,1
235254,235254,235254,Gdańsk Śródmieście,59730,235254,1
235255,235255,235255,WEJHEROWO,95689,235255,1
235256,235256,235256,WEJHEROWO,95667,235256,1
235257,235257,235257,GDYNIA CHYLONIA,59670,235257,1
235258,235258,235258,GDYNIA CHYLONIA,59710,235258,1
235259,235259,235259,Gdańsk Śródmieście,59736,235259,1
235260,235260,235260,Gdańsk Śródmieście,59668,235260,1
235261,235261,235261,Gdańsk Śródmieście,59678,235261,1
235262,235262,235262,WEJHEROWO,95667,235262,1
235263,235263,235263,WEJHEROWO,95775,235263,1
235264,235264,235264,WEJHEROWO,95797,235264,1
235265,235265,235265,WEJHEROWO,95745,235265,1
235266,235266,235266,Gdańsk Śródmieście,59424,235266,1
235267,235267,235267,Gdańsk Śródmieście,59706,235267,1
235268,235268,235268,Gdańsk Śródmieście,59748,235268,1
235269,235269,235269,Gdańsk Śródmieście,59758,235269,1
235270,235270,235270,Gdańsk Śródmieście,59484,235270,1
235271,235271,235271,Gdańsk Śródmieście,59468,235271,1
235272,235272,235272,Gdańsk Śródmieście,59470,235272,1
235273,235273,235273,Gdańsk Śródmieście,59480,235273,1
235274,235274,235274,Gdańsk Śródmieście,59422,235274,1
235275,235275,235275,Gdańsk Śródmieście,59456,235275,1
235276,235276,235276,Gdańsk Śródmieście,59692,235276,1
235277,235277,235277,Gdańsk Śródmieście,59754,235277,1
235278,235278,235278,Gdańsk Śródmieście,59728,235278,1
235279,235279,235279,WEJHEROWO,95785,235279,1
235280,235280,235280,WEJHEROWO,95757,235280,1
235281,235281,235281,Gdańsk Śródmieście,59602,235281,1
235282,235282,235282,GDYNIA GŁÓWNA,95461,235282,1
235283,235283,235283,GDYNIA GŁÓWNA,95471,235283,1
235284,235284,235284,GDYNIA GŁÓWNA,95427,235284,1
235285,235285,235285,GDYNIA GŁÓWNA,95451,235285,1
235286,235286,235286,WEJHEROWO,95737,235286,1
235287,235287,235287,WEJHEROWO,95767,235287,1
235288,235288,235288,WEJHEROWO,95691,235288,1
235289,235289,235289,Gdynia Cisowa,95473,235289,1
235290,235290,235290,Gdańsk Śródmieście,59780,235290,1
235291,235291,235291,Gdańsk Śródmieście,59734,235291,1
235292,235292,235292,Gdańsk Śródmieście,59404,235292,1
235293,235293,235293,Gdańsk Śródmieście,59764,235293,1
235294,235294,235294,Gdańsk Śródmieście,59432,235294,1
235295,235295,235295,Gdańsk Śródmieście,59450,235295,1
235296,235296,235296,Gdańsk Śródmieście,59466,235296,1
235297,235297,235297,Gdańsk Śródmieście,59416,235297,1
235298,235298,235298,Gdańsk Śródmieście,59430,235298,1
235299,235299,235299,Gdańsk Śródmieście,59768,235299,1
235300,235300,235300,WEJHEROWO,95733,235300,1
235301,235301,235301,WEJHEROWO,95755,235301,1
235302,235302,235302,WEJHEROWO,95773,235302,1
235303,235303,235303,Gdańsk Śródmieście,59718,235303,1
235304,235304,235304,Gdańsk Śródmieście,59738,235304,1
235305,235305,235305,Gdańsk Śródmieście,59792,235305,1
235306,235306,235306,WEJHEROWO,95731,235306,1
235307,235307,235307,WEJHEROWO,95695,235307,1
235308,235308,235308,Gdańsk Śródmieście,59740,235308,1
235309,235309,235309,GDYNIA GŁÓWNA,95443,235309,1
235310,235310,235310,Gdańsk Śródmieście,59792,235310,1
235311,235311,235311,Gdańsk Śródmieście,59462,235311,1
235312,235312,235312,Gdańsk Śródmieście,59482,235312,1
235313,235313,235313,Gdańsk Śródmieście,59482,235313,1
235314,235314,235314,Gdańsk Śródmieście,59752,235314,1
235315,235315,235315,Gdańsk Śródmieście,59612,235315,1
235316,235316,235316,Gdańsk Śródmieście,59460,235316,1
235317,235317,235317,Gdańsk Śródmieście,59712,235317,1
235318,235318,235318,Gdańsk Śródmieście,59724,235318,1
235319,235319,235319,Gdańsk Śródmieście,59778,235319,1
235320,235320,235320,Gdańsk Śródmieście,59796,235320,1
235321,235321,235321,Gdynia Cisowa,95447,235321,1
235322,235322,235322,Gdańsk Śródmieście,59472,235322,1
235323,235323,235323,Gdańsk Śródmieście,59476,235323,1
235324,235324,235324,Gdańsk Śródmieście,59606,235324,1
235325,235325,235325,Gdańsk Śródmieście,59620,235325,1
235326,235326,235326,WEJHEROWO,95693,235326,1
235327,235327,235327,GDYNIA GŁÓWNA,95457,235327,1
235328,235328,235328,GDYNIA GŁÓWNA,95609,235328,1
235329,235329,235329,GDYNIA GŁÓWNA,95403,235329,1
235330,235330,235330,GDYNIA GŁÓWNA,95433,235330,1
235331,235331,235331,GDYNIA GŁÓWNA,95453,235331,1
235332,235332,235332,GDYNIA GŁÓWNA,95455,235332,1
235333,235333,235333,GDYNIA GŁÓWNA,95469,235333,1
235334,235334,235334,GDYNIA GŁÓWNA,95445,235334,1
235335,235335,235335,GDYNIA GŁÓWNA,95459,235335,1
235336,235336,235336,GDYNIA GŁÓWNA,95463,235336,1
235337,235337,235337,GDYNIA GŁÓWNA,95475,235337,1
235338,235338,235338,Gdynia Cisowa,95431,235338,1
235339,235339,235339,Gdynia Cisowa,95479,235339,1
235340,235340,235340,WEJHEROWO,95693,235340,1
235341,235341,235341,WEJHEROWO,95721,235341,1
235342,235342,235342,WEJHEROWO,95735,235342,1
235343,235343,235343,WEJHEROWO,95689,235343,1
235344,235344,235344,WEJHEROWO,95667,235344,1
235345,235345,235345,Gdańsk Śródmieście,59796,235345,1
235346,235346,235346,Gdańsk Śródmieście,59678,235346,1
235347,235347,235347,WEJHEROWO,95775,235347,1
235348,235348,235348,WEJHEROWO,95793,235348,1
235349,235349,235349,WEJHEROWO,95693,235349,1
235350,235350,235350,WEJHEROWO,95799,235350,1
235351,235351,235351,WEJHEROWO,95739,235351,1
235352,235352,235352,Gdynia Cisowa,95489,235352,1
235353,235353,235353,WEJHEROWO,95713,235353,1
235354,235354,235354,WEJHEROWO,95715,235354,1
235355,235355,235355,GDYNIA GŁÓWNA,95405,235355,1
235356,235356,235356,Gdańsk Śródmieście,59784,235356,1
235357,235357,235357,WEJHEROWO,95727,235357,1
235358,235358,235358,Gdańsk Śródmieście,59810,235358,1
235359,235359,235359,Gdynia Cisowa,95485,235359,1
235360,235360,235360,WEJHEROWO,95759,235360,1
235361,235361,235361,WEJHEROWO,95793,235361,1
235362,235362,235362,LĘBORK,95801,235362,1
235363,235363,235363,LĘBORK,95803,235363,1
235364,235364,235364,LĘBORK,95815,235364,1
235365,235365,235365,WEJHEROWO,95787,235365,1
235366,235366,235366,WEJHEROWO,95775,235366,1
235367,235367,235367,Gdańsk Śródmieście,59746,235367,1
235368,235368,235368,Gdańsk Śródmieście,59402,235368,1
235369,235369,235369,GDYNIA GŁÓWNA,95417,235369,1
235370,235370,235370,Gdańsk Śródmieście,59812,235370,1
235371,235371,235371,Gdynia Cisowa,95421,235371,1
235372,235372,235372,Gdańsk Śródmieście,59738,235372,1
235373,235373,235373,Gdańsk Śródmieście,59736,235373,1
235374,235374,235374,Gdańsk Śródmieście,59798,235374,1
235375,235375,235375,Gdynia Cisowa,95487,235375,1
235376,235376,235376,WEJHEROWO,95721,235376,1
235377,235377,235377,GDYNIA GŁÓWNA,95601,235377,1
235378,235378,235378,GDYNIA GŁÓWNA,95439,235378,1
235379,235379,235379,GDYNIA GŁÓWNA,95449,235379,1
235380,235380,235380,Gdańsk Śródmieście,59776,235380,1
235381,235381,235381,Gdańsk Śródmieście,59774,235381,1
235382,235382,235382,WEJHEROWO,95753,235382,1
235383,235383,235383,LĘBORK,95809,235383,1
235384,235384,235384,Gdańsk Śródmieście,59444,235384,1
235385,235385,235385,Gdańsk Śródmieście,59434,235385,1
235386,235386,235386,Gdańsk Śródmieście,59756,235386,1
235387,235387,235387,Gdańsk Śródmieście,59744,235387,1
235388,235388,235388,WEJHEROWO,95791,235388,1
235389,235389,235389,WEJHEROWO,95747,235389,1
235390,235390,235390,WEJHEROWO,95763,235390,1
235391,235391,235391,LĘBORK,95817,235391,1
235392,235392,235392,Gdańsk Śródmieście,59736,235392,1
235393,235393,235393,GDAŃSK GŁÓWNY,59698,235393,1
235394,235394,235394,Gdańsk Śródmieście,59754,235394,1
235395,235395,235395,Gdańsk Śródmieście,59750,235395,1
235396,235396,235396,Gdańsk Śródmieście,59780,235396,1
235397,235397,235397,GDYNIA CHYLONIA,59726,235397,1
235398,235398,235398,WEJHEROWO,95729,235398,1
235399,235399,235399,LĘBORK,95815,235399,1
235400,235400,235400,WEJHEROWO,95745,235400,1
235401,235401,235401,Gdańsk Śródmieście,59724,235401,1
235402,235402,235402,Gdańsk Śródmieście,59786,235402,1
235403,235403,235403,Gdańsk Śródmieście,59748,235403,1
235404,235404,235404,GDYNIA CHYLONIA,59712,235404,1
235405,235405,235405,GDYNIA CHYLONIA,59720,235405,1
235406,235406,235406,GDYNIA CHYLONIA,95405,235406,1
235407,235407,235407,Gdańsk Śródmieście,59724,235407,1
235408,235408,235408,WEJHEROWO,95701,235408,1
235409,235409,235409,WEJHEROWO,95707,235409,1
235410,235410,235410,GDAŃSK GŁÓWNY,59704,235410,1
235411,235411,235411,Gdańsk Śródmieście,59788,235411,1
235412,235412,235412,Gdańsk Śródmieście,59674,235412,1
235413,235413,235413,Gdańsk Śródmieście,59754,235413,1
235414,235414,235414,WEJHEROWO,95691,235414,1
235415,235415,235415,WEJHEROWO,95743,235415,1
235416,235416,235416,WEJHEROWO,95695,235416,1
235417,235417,235417,Gdańsk Śródmieście,59748,235417,1
235418,235418,235418,Gdańsk Śródmieście,59752,235418,1
235419,235419,235419,WEJHEROWO,95699,235419,1
235420,235420,235420,WEJHEROWO,95685,235420,1
235421,235421,235421,WEJHEROWO,95759,235421,1
235422,235422,235422,Gdańsk Śródmieście,59736,235422,1
235423,235423,235423,GDAŃSK GŁÓWNY,59700,235423,1
235424,235424,235424,WEJHEROWO,95703,235424,1
235425,235425,235425,Gdańsk Śródmieście,59668,235425,1
235426,235426,235426,Gdańsk Śródmieście,59758,235426,1
235427,235427,235427,Gdańsk Śródmieście,59690,235427,1
235428,235428,235428,Gdańsk Śródmieście,59718,235428,1
235429,235429,235429,WEJHEROWO,95697,235429,1
235430,235430,235430,Gdańsk Śródmieście,59782,235430,1
235431,235431,235431,Gdańsk Śródmieście,59780,235431,1
235432,235432,235432,WEJHEROWO,95721,235432,1
235433,235433,235433,WEJHEROWO,95775,235433,1
235434,235434,235434,WEJHEROWO,95711,235434,1
235435,235435,235435,WEJHEROWO,95725,235435,1
235436,235436,235436,Gdańsk Śródmieście,59770,235436,1
235437,235437,235437,Gdańsk Śródmieście,59726,235437,1
235438,235438,235438,WEJHEROWO,95769,235438,1
235439,235439,235439,Gdynia Cisowa,95483,235439,1
235440,235440,235440,Gdańsk Śródmieście,59454,235440,1
235441,235441,235441,Gdańsk Śródmieście,59790,235441,1
235442,235442,235442,GDYNIA GŁÓWNA,95477,235442,1
235443,235443,235443,WEJHEROWO,95695,235443,1
235444,235444,235444,Gdańsk Śródmieście,59668,235444,1
235445,235445,235445,Gdańsk Śródmieście,59732,235445,1
235446,235446,235446,Gdańsk Śródmieście,59752,235446,1
235447,235447,235447,Gdańsk Śródmieście,59794,235447,1
235448,235448,235448,Gdańsk Śródmieście,59782,235448,1
235449,235449,235449,WEJHEROWO,95785,235449,1
235450,235450,235450,WEJHEROWO,95743,235450,1
235451,235451,235451,WEJHEROWO,95797,235451,1
235452,235452,235452,WEJHEROWO,95759,235452,1
235453,235453,235453,WEJHEROWO,95749,235453,1
235454,235454,235454,WEJHEROWO,95691,235454,1
235455,235455,235455,Gdańsk Śródmieście,59750,235455,1
235456,235456,235456,WEJHEROWO,95679,235456,1
235457,235457,235457,WEJHEROWO,95669,235457,1
235458,235458,235458,Gdańsk Śródmieście,59726,235458,1
235459,235459,235459,Gdańsk Śródmieście,59796,235459,1
235460,235460,235460,Gdańsk Śródmieście,59798,235460,1
235461,235461,235461,Gdańsk Śródmieście,59728,235461,1
235462,235462,235462,Gdańsk Śródmieście,59682,235462,1
235463,235463,235463,WEJHEROWO,95689,235463,1
235464,235464,235464,WEJHEROWO,95693,235464,1
235465,235465,235465,WEJHEROWO,95785,235465,1
235466,235466,235466,WEJHEROWO,95793,235466,1
235467,235467,235467,WEJHEROWO,95735,235467,1
235468,235468,235468,Gdańsk Śródmieście,59692,235468,1
235469,235469,235469,Gdynia Cisowa,95489,235469,1
235470,235470,235470,Gdańsk Śródmieście,59772,235470,1
235471,235471,235471,WEJHEROWO,95667,235471,1
235472,235472,235472,WEJHEROWO,95797,235472,1
235473,235473,235473,WEJHEROWO,95745,235473,1
235474,235474,235474,WEJHEROWO,95671,235474,1
235475,235475,235475,LĘBORK,95813,235475,1
235476,235476,235476,Gdańsk Śródmieście,59484,235476,1
235477,235477,235477,GDYNIA CHYLONIA,59670,235477,1
235478,235478,235478,GDYNIA CHYLONIA,59710,235478,1
235479,235479,235479,GDYNIA CHYLONIA,95425,235479,1
235480,235480,235480,GDYNIA CHYLONIA,95403,235480,1
235481,235481,235481,Gdańsk Śródmieście,59484,235481,1
235482,235482,235482,Gdańsk Śródmieście,59610,235482,1
235483,235483,235483,Gdańsk Śródmieście,59742,235483,1
235484,235484,235484,Gdańsk Śródmieście,59400,235484,1
235485,235485,235485,Gdańsk Śródmieście,59804,235485,1
235495,235495,235495,GDYNIA CHYLONIA,59712,235495,1
235496,235496,235496,GDYNIA CHYLONIA,59720,235496,1
235497,235497,235497,LĘBORK,95817,235497,1
235498,235498,235498,Gdańsk Śródmieście,59780,235498,1
235499,235499,235499,LĘBORK,95813,235499,1
235500,235500,235500,WEJHEROWO,95697,235500,1
235501,235501,235501,Gdańsk Śródmieście,59794,235501,1
235502,235502,235502,WEJHEROWO,95691,235502,1
235503,235503,235503,WEJHEROWO,95699,235503,1
235504,235504,235504,Gdańsk Śródmieście,59400,235504,1
235505,235505,235505,WEJHEROWO,95731,235505,1
235506,235506,235506,GDYNIA CHYLONIA,95433,235506,1
235507,235507,235507,Gdańsk Śródmieście,59696,235507,1
235508,235508,235508,Gdynia Cisowa,95415,235508,1
235509,235509,235509,Gdańsk Śródmieście,59804,235509,1
235535,235535,235535,Gdańsk Śródmieście,59408,235535,1
235536,235536,235536,WEJHEROWO,95789,235536,1
235537,235537,235537,WEJHEROWO,95755,235537,1
235538,235538,235538,Gdańsk Śródmieście,59788,235538,1
235539,235539,235539,Gdańsk Śródmieście,59798,235539,1
235540,235540,235540,Gdańsk Śródmieście,59744,235540,1
235541,235541,235541,WEJHEROWO,95755,235541,1
235542,235542,235542,WEJHEROWO,95733,235542,1
235543,235543,235543,Gdańsk Śródmieście,59718,235543,1
235544,235544,235544,GDYNIA CHYLONIA,95439,235544,1
235545,235545,235545,Gdańsk Śródmieście,59678,235545,1
235583,235583,235583,Gdańsk Śródmieście,59432,235583,1
235584,235584,235584,Gdynia Cisowa,95471,235584,1
235585,235585,235585,WEJHEROWO,95695,235585,1
235586,235586,235586,Gdańsk Śródmieście,59678,235586,1
235587,235587,235587,Gdańsk Śródmieście,59744,235587,1
235588,235588,235588,Gdańsk Śródmieście,59784,235588,1
235589,235589,235589,GDYNIA CHYLONIA,95449,235589,1
235590,235590,235590,GDYNIA CHYLONIA,95307,235590,1
235591,235591,235591,Gdynia Cisowa,95441,235591,1
235592,235592,235592,WEJHEROWO,95681,235592,1
235593,235593,235593,LĘBORK,95815,235593,1
235594,235594,235594,WEJHEROWO,95677,235594,1
235595,235595,235595,WEJHEROWO,95687,235595,1
235596,235596,235596,Gdynia Cisowa,95489,235596,1
235597,235597,235597,GDYNIA CHYLONIA,95301,235597,1
235598,235598,235598,GDYNIA CHYLONIA,95303,235598,1
235599,235599,235599,GDYNIA CHYLONIA,95305,235599,1
235619,235619,235619,GDYNIA CHYLONIA,95323,235619,1
235620,235620,235620,Gdańsk Śródmieście,59476,235620,1
235621,235621,235621,LĘBORK,95817,235621,1
235622,235622,235622,Gdańsk Śródmieście,59692,235622,1
235623,235623,235623,Gdańsk Śródmieście,59788,235623,1
235624,235624,235624,Gdańsk Śródmieście,59300,235624,1
235625,235625,235625,Gdańsk Śródmieście,59414,235625,1
235626,235626,235626,Gdańsk Śródmieście,59416,235626,1
235627,235627,235627,Gdańsk Śródmieście,59420,235627,1
235628,235628,235628,Gdańsk Śródmieście,59424,235628,1
235629,235629,235629,Gdańsk Śródmieście,59426,235629,1
235630,235630,235630,Gdańsk Śródmieście,59434,235630,1
235631,235631,235631,Gdańsk Śródmieście,59438,235631,1
235632,235632,235632,Gdańsk Śródmieście,59304,235632,1
235633,235633,235633,Gdańsk Śródmieście,59308,235633,1
235634,235634,235634,Gdańsk Śródmieście,59468,235634,1
235635,235635,235635,Gdańsk Śródmieście,59474,235635,1
235647,235647,235647,LĘBORK,95807,235647,1
235648,235648,235648,Gdynia Cisowa,95453,235648,1
235649,235649,235649,Gdańsk Śródmieście,59796,235649,1
235650,235650,235650,WEJHEROWO,95675,235650,1
235651,235651,235651,GDAŃSK GŁÓWNY,59702,235651,1
235652,235652,235652,WEJHEROWO,95675,235652,1
235653,235653,235653,GDYNIA CHYLONIA,95451,235653,1
235654,235654,235654,Gdańsk Śródmieście,59310,235654,1
235655,235655,235655,Gdańsk Śródmieście,59480,235655,1
235656,235656,235656,WEJHEROWO,95737,235656,1
235657,235657,235657,WEJHEROWO,95751,235657,1
235658,235658,235658,WEJHEROWO,95673,235658,1
235659,235659,235659,WEJHEROWO,95797,235659,1
235660,235660,235660,WEJHEROWO,95691,235660,1
235661,235661,235661,GDYNIA CHYLONIA,95433,235661,1
235662,235662,235662,GDYNIA CHYLONIA,95447,235662,1
235663,235663,235663,GDYNIA CHYLONIA,95329,235663,1
235664,235664,235664,Gdańsk Śródmieście,59422,235664,1
235665,235665,235665,Gdańsk Śródmieście,59436,235665,1
235666,235666,235666,Gdańsk Śródmieście,59306,235666,1
235667,235667,235667,GDYNIA CHYLONIA,95421,235667,1
235668,235668,235668,GDYNIA CHYLONIA,95437,235668,1
235669,235669,235669,Gdańsk Śródmieście,59754,235669,1
235670,235670,235670,GDYNIA CHYLONIA,95319,235670,1
235671,235671,235671,GDYNIA CHYLONIA,95325,235671,1
235672,235672,235672,GDYNIA CHYLONIA,95415,235672,1
235673,235673,235673,GDYNIA CHYLONIA,95425,235673,1
235674,235674,235674,GDYNIA CHYLONIA,95427,235674,1
235675,235675,235675,GDYNIA CHYLONIA,95435,235675,1
235676,235676,235676,GDYNIA CHYLONIA,95439,235676,1
235677,235677,235677,WEJHEROWO,95741,235677,1
235678,235678,235678,Gdańsk Śródmieście,59804,235678,1
235679,235679,235679,LĘBORK,95813,235679,1
235680,235680,235680,Gdynia Cisowa,95485,235680,1
235681,235681,235681,Gdańsk Śródmieście,59796,235681,1
235682,235682,235682,WEJHEROWO,95689,235682,1
235683,235683,235683,Gdańsk Śródmieście,59478,235683,1
235684,235684,235684,Gdańsk Śródmieście,59798,235684,1
235685,235685,235685,Gdynia Cisowa,95487,235685,1
235686,235686,235686,Gdańsk Śródmieście,59738,235686,1
235687,235687,235687,Gdańsk Śródmieście,59754,235687,1
235688,235688,235688,WEJHEROWO,95725,235688,1
235689,235689,235689,GDAŃSK GŁÓWNY,59704,235689,1
235690,235690,235690,Gdańsk Śródmieście,59788,235690,1
235691,235691,235691,WEJHEROWO,95687,235691,1
235692,235692,235692,Gdynia Cisowa,95489,235692,1
235693,235693,235693,Gdańsk Śródmieście,59786,235693,1
235694,235694,235694,WEJHEROWO,95737,235694,1
235695,235695,235695,WEJHEROWO,95673,235695,1
235696,235696,235696,Gdańsk Śródmieście,59742,235696,1
235697,235697,235697,WEJHEROWO,95733,235697,1
235698,235698,235698,WEJHEROWO,95739,235698,1
235699,235699,235699,WEJHEROWO,95799,235699,1
235700,235700,235700,WEJHEROWO,95751,235700,1
235701,235701,235701,WEJHEROWO,95749,235701,1
235702,235702,235702,WEJHEROWO,95757,235702,1
235703,235703,235703,WEJHEROWO,95775,235703,1
235704,235704,235704,Gdańsk Śródmieście,59620,235704,1
235705,235705,235705,Gdańsk Śródmieście,59734,235705,1
235706,235706,235706,WEJHEROWO,95691,235706,1
235707,235707,235707,WEJHEROWO,95671,235707,1
235708,235708,235708,Gdańsk Śródmieście,59692,235708,1
235709,235709,235709,Gdańsk Śródmieście,59792,235709,1
235710,235710,235710,Gdynia Cisowa,95481,235710,1
235711,235711,235711,Gdynia Cisowa,95321,235711,1
235712,235712,235712,WEJHEROWO,95697,235712,1
235713,235713,235713,GDAŃSK GŁÓWNY,59698,235713,1
235714,235714,235714,Gdańsk Śródmieście,59694,235714,1
235715,235715,235715,WEJHEROWO,95699,235715,1
235716,235716,235716,LĘBORK,95817,235716,1
235717,235717,235717,Gdańsk Śródmieście,59798,235717,1
235718,235718,235718,Gdańsk Śródmieście,59782,235718,1
235719,235719,235719,Gdańsk Śródmieście,59674,235719,1
235720,235720,235720,Gdańsk Śródmieście,59738,235720,1
235721,235721,235721,Gdańsk Śródmieście,59680,235721,1
235722,235722,235722,Gdańsk Śródmieście,59692,235722,1
235723,235723,235723,Gdańsk Śródmieście,59718,235723,1
235724,235724,235724,Gdańsk Śródmieście,59738,235724,1
235725,235725,235725,Gdańsk Śródmieście,59754,235725,1
235726,235726,235726,WEJHEROWO,95731,235726,1
235727,235727,235727,WEJHEROWO,95747,235727,1
235728,235728,235728,WEJHEROWO,95761,235728,1
235729,235729,235729,GDYNIA GŁÓWNA,59670,235729,1
235730,235730,235730,GDYNIA GŁÓWNA,59710,235730,1
235731,235731,235731,Gdańsk Śródmieście,59724,235731,1
235732,235732,235732,Gdańsk Śródmieście,59678,235732,1
235733,235733,235733,Gdańsk Śródmieście,59744,235733,1
235734,235734,235734,WEJHEROWO,95725,235734,1
235735,235735,235735,Gdańsk Śródmieście,59682,235735,1
235736,235736,235736,Gdańsk Śródmieście,59748,235736,1
235737,235737,235737,WEJHEROWO,95745,235737,1
235738,235738,235738,WEJHEROWO,95753,235738,1
235739,235739,235739,LĘBORK,95815,235739,1
235740,235740,235740,WEJHEROWO,95755,235740,1
235741,235741,235741,Gdańsk Śródmieście,59620,235741,1
235742,235742,235742,Gdańsk Śródmieście,59734,235742,1
235743,235743,235743,Gdańsk Śródmieście,59804,235743,1
235744,235744,235744,Gdańsk Śródmieście,59758,235744,1
235745,235745,235745,Gdańsk Śródmieście,59748,235745,1
235746,235746,235746,WEJHEROWO,95755,235746,1
235747,235747,235747,WEJHEROWO,95741,235747,1
235748,235748,235748,Gdańsk Śródmieście,59804,235748,1
235749,235749,235749,LĘBORK,95813,235749,1
235750,235750,235750,WEJHEROWO,95747,235750,1
235751,235751,235751,WEJHEROWO,95761,235751,1
235752,235752,235752,GDAŃSK GŁÓWNY,59700,235752,1
235753,235753,235753,Gdańsk Śródmieście,59726,235753,1
235754,235754,235754,Gdańsk Śródmieście,59684,235754,1
235755,235755,235755,Gdańsk Śródmieście,59732,235755,1
235756,235756,235756,WEJHEROWO,95703,235756,1
235757,235757,235757,WEJHEROWO,95735,235757,1
235758,235758,235758,WEJHEROWO,95739,235758,1
235759,235759,235759,Gdynia Cisowa,95485,235759,1
235760,235760,235760,Gdańsk Śródmieście,59796,235760,1
235761,235761,235761,WEJHEROWO,95665,235761,1
235762,235762,235762,WEJHEROWO,95679,235762,1
235763,235763,235763,WEJHEROWO,95689,235763,1
235764,235764,235764,Gdańsk Śródmieście,59792,235764,1
235765,235765,235765,GDYNIA GŁÓWNA,59712,235765,1
235766,235766,235766,GDYNIA GŁÓWNA,59720,235766,1
235767,235767,235767,LĘBORK,95817,235767,1
235768,235768,235768,Gdańsk Śródmieście,59736,235768,1
235769,235769,235769,Gdańsk Śródmieście,59666,235769,1
235770,235770,235770,Gdańsk Śródmieście,59798,235770,1
235771,235771,235771,Gdańsk Śródmieście,59730,235771,1
235772,235772,235772,Gdańsk Śródmieście,59746,235772,1
235773,235773,235773,Gdańsk Śródmieście,59772,235773,1
235774,235774,235774,Gdańsk Śródmieście,59796,235774,1
235775,235775,235775,WEJHEROWO,95735,235775,1
235776,235776,235776,WEJHEROWO,95721,235776,1
235777,235777,235777,Gdańsk Śródmieście,59782,235777,1
235778,235778,235778,Gdańsk Śródmieście,59750,235778,1
235779,235779,235779,Gdańsk Śródmieście,59796,235779,1
235780,235780,235780,WEJHEROWO,95693,235780,1
235781,235781,235781,Gdynia Cisowa,95489,235781,1
235782,235782,235782,Gdańsk Śródmieście,59724,235782,1
235783,235783,235783,Gdańsk Śródmieście,59740,235783,1
235784,235784,235784,Gdańsk Śródmieście,59758,235784,1
235785,235785,235785,Gdańsk Śródmieście,59784,235785,1
235786,235786,235786,Gdańsk Śródmieście,59706,235786,1
235787,235787,235787,WEJHEROWO,95713,235787,1
235788,235788,235788,WEJHEROWO,95733,235788,1
235789,235789,235789,WEJHEROWO,95667,235789,1
235790,235790,235790,WEJHEROWO,95671,235790,1
235791,235791,235791,WEJHEROWO,95797,235791,1
235792,235792,235792,WEJHEROWO,95695,235792,1
235793,235793,235793,WEJHEROWO,95693,235793,1
235794,235794,235794,WEJHEROWO,95799,235794,1
235795,235795,235795,LĘBORK,95817,235795,1
235796,235796,235796,GDAŃSK GŁÓWNY,59698,235796,1
235797,235797,235797,Gdańsk Śródmieście,59754,235797,1
235798,235798,235798,Gdańsk Śródmieście,59750,235798,1
235799,235799,235799,Gdańsk Śródmieście,59788,235799,1
235800,235800,235800,WEJHEROWO,95729,235800,1
235801,235801,235801,LĘBORK,95815,235801,1
235802,235802,235802,Gdańsk Śródmieście,59780,235802,1
235803,235803,235803,Gdańsk Śródmieście,59798,235803,1
235804,235804,235804,Gdańsk Śródmieście,59732,235804,1
235805,235805,235805,Gdańsk Śródmieście,59744,235805,1
235806,235806,235806,WEJHEROWO,95785,235806,1
235807,235807,235807,Gdańsk Śródmieście,59794,235807,1
235808,235808,235808,WEJHEROWO,95729,235808,1
235809,235809,235809,LĘBORK,95813,235809,1
235810,235810,235810,Gdańsk Śródmieście,59726,235810,1
235811,235811,235811,WEJHEROWO,95711,235811,1
235812,235812,235812,Gdańsk Śródmieście,59804,235812,1
235813,235813,235813,GDAŃSK GŁÓWNY,59704,235813,1
235814,235814,235814,WEJHEROWO,95745,235814,1
235815,235815,235815,WEJHEROWO,95689,235815,1
235816,235816,235816,WEJHEROWO,95691,235816,1
235817,235817,235817,Gdańsk Śródmieście,59792,235817,1
235818,235818,235818,WEJHEROWO,95669,235818,1
235819,235819,235819,WEJHEROWO,95725,235819,1
235820,235820,235820,WEJHEROWO,95741,235820,1
235821,235821,235821,WEJHEROWO,95757,235821,1
235822,235822,235822,Gdańsk Śródmieście,59674,235822,1
235823,235823,235823,WEJHEROWO,95795,235823,1
235824,235824,235824,WEJHEROWO,95749,235824,1
235825,235825,235825,WEJHEROWO,95739,235825,1
235826,235826,235826,Gdańsk Śródmieście,59692,235826,1
235827,235827,235827,Gdańsk Śródmieście,59748,235827,1
235828,235828,235828,Gdynia Cisowa,95489,235828,1
235829,235829,235829,Gdańsk Śródmieście,59678,235829,1
235830,235830,235830,Gdańsk Śródmieście,59782,235830,1
235831,235831,235831,Gdańsk Śródmieście,59742,235831,1
235832,235832,235832,Gdańsk Śródmieście,59786,235832,1
235833,235833,235833,WEJHEROWO,95691,235833,1
235834,235834,235834,WEJHEROWO,95733,235834,1
235835,235835,235835,WEJHEROWO,95775,235835,1
235836,235836,235836,WEJHEROWO,95793,235836,1
235837,235837,235837,WEJHEROWO,95797,235837,1
235838,235838,235838,WEJHEROWO,95745,235838,1
235839,235839,235839,WEJHEROWO,95799,235839,1
235840,235840,235840,WEJHEROWO,95785,235840,1
235841,235841,235841,WEJHEROWO,95793,235841,1
235842,235842,235842,WEJHEROWO,95735,235842,1
235843,235843,235843,WEJHEROWO,95755,235843,1
235844,235844,235844,WEJHEROWO,95743,235844,1
235845,235845,235845,WEJHEROWO,95759,235845,1
235846,235846,235846,Gdańsk Śródmieście,59682,235846,1
235847,235847,235847,WEJHEROWO,95677,235847,1
235848,235848,235848,Gdańsk Śródmieście,59748,235848,1
235849,235849,235849,GDAŃSK GŁÓWNY,59700,235849,1
235850,235850,235850,WEJHEROWO,95695,235850,1
235851,235851,235851,Gdańsk Śródmieście,59798,235851,1
235852,235852,235852,Gdańsk Śródmieście,59736,235852,1
235853,235853,235853,Gdańsk Śródmieście,59666,235853,1
235854,235854,235854,WEJHEROWO,95753,235854,1
235855,235855,235855,WEJHEROWO,95775,235855,1
235856,235856,235856,Gdańsk Śródmieście,59738,235856,1
235857,235857,235857,Gdańsk Śródmieście,59792,235857,1
235858,235858,235858,WEJHEROWO,95731,235858,1
235859,235859,235859,WEJHEROWO,95689,235859,1
235860,235860,235860,WEJHEROWO,95667,235860,1
235861,235861,235861,Gdańsk Śródmieście,59746,235861,1
235862,235862,235862,Gdańsk Śródmieście,59680,235862,1
235863,235863,235863,Gdańsk Śródmieście,59718,235863,1
235864,235864,235864,WEJHEROWO,95731,235864,1
235865,235865,235865,WEJHEROWO,95735,235865,1
235866,235866,235866,WEJHEROWO,95793,235866,1
235867,235867,235867,Gdańsk Śródmieście,59718,235867,1
235868,235868,235868,Gdańsk Śródmieście,59682,235868,1
235869,235869,235869,WEJHEROWO,95689,235869,1
235870,235870,235870,WEJHEROWO,95759,235870,1
235871,235871,235871,WEJHEROWO,95735,235871,1
235872,235872,235872,Gdańsk Śródmieście,59752,235872,1
235873,235873,235873,Gdańsk Śródmieście,59692,235873,1
235874,235874,235874,Gdynia Cisowa,95489,235874,1
235875,235875,235875,Gdańsk Śródmieście,59772,235875,1
235876,235876,235876,Gdańsk Śródmieście,59750,235876,1
235877,235877,235877,WEJHEROWO,95679,235877,1
235878,235878,235878,WEJHEROWO,95669,235878,1
235879,235879,235879,WEJHEROWO,95743,235879,1
235880,235880,235880,Gdańsk Śródmieście,59790,235880,1
235881,235881,235881,WEJHEROWO,95677,235881,1
235882,235882,235882,Gdańsk Śródmieście,59692,235882,1
235883,235883,235883,Gdynia Cisowa,95489,235883,1
235884,235884,235884,Gdańsk Śródmieście,59738,235884,1
235885,235885,235885,Gdańsk Śródmieście,59750,235885,1
235886,235886,235886,Gdańsk Śródmieście,59682,235886,1
235887,235887,235887,WEJHEROWO,95747,235887,1
235888,235888,235888,WEJHEROWO,95755,235888,1
235889,235889,235889,WEJHEROWO,95691,235889,1
235890,235890,235890,WEJHEROWO,95743,235890,1
235891,235891,235891,WEJHEROWO,95733,235891,1
235892,235892,235892,WEJHEROWO,95711,235892,1
235893,235893,235893,WEJHEROWO,95701,235893,1
235894,235894,235894,Gdańsk Śródmieście,59724,235894,1
235895,235895,235895,WEJHEROWO,95725,235895,1
235896,235896,235896,WEJHEROWO,95797,235896,1
235897,235897,235897,WEJHEROWO,95707,235897,1
235898,235898,235898,GDAŃSK GŁÓWNY,59698,235898,1
235899,235899,235899,WEJHEROWO,95745,235899,1
235900,235900,235900,Gdańsk Śródmieście,59794,235900,1
235901,235901,235901,WEJHEROWO,95671,235901,1
235902,235902,235902,Gdańsk Śródmieście,59436,235902,1
235903,235903,235903,Gdańsk Śródmieście,59306,235903,1
235904,235904,235904,WEJHEROWO,95747,235904,1
235905,235905,235905,WEJHEROWO,95757,235905,1
235906,235906,235906,Gdańsk Śródmieście,59694,235906,1
235907,235907,235907,WEJHEROWO,95699,235907,1
235908,235908,235908,Gdynia Cisowa,95471,235908,1
235909,235909,235909,WEJHEROWO,95695,235909,1
235910,235910,235910,Gdańsk Śródmieście,59678,235910,1
235911,235911,235911,Gdańsk Śródmieście,59744,235911,1
235912,235912,235912,Gdańsk Śródmieście,59784,235912,1
235913,235913,235913,Gdańsk Śródmieście,59432,235913,1
235914,235914,235914,Gdańsk Śródmieście,59446,235914,1
235915,235915,235915,Gdańsk Śródmieście,59480,235915,1
235916,235916,235916,WEJHEROWO,95797,235916,1
235917,235917,235917,Gdańsk Śródmieście,59422,235917,1
235918,235918,235918,Gdańsk Śródmieście,59748,235918,1
235919,235919,235919,WEJHEROWO,95755,235919,1
235920,235920,235920,WEJHEROWO,95785,235920,1
235921,235921,235921,Gdańsk Śródmieście,59684,235921,1
235922,235922,235922,Gdańsk Śródmieście,59732,235922,1
235923,235923,235923,WEJHEROWO,95739,235923,1
235924,235924,235924,WEJHEROWO,95761,235924,1
235925,235925,235925,Gdańsk Śródmieście,59726,235925,1
235926,235926,235926,Gdańsk Śródmieście,59748,235926,1
235927,235927,235927,Gdańsk Śródmieście,59798,235927,1
235928,235928,235928,Gdańsk Śródmieście,59728,235928,1
235929,235929,235929,Gdańsk Śródmieście,59744,235929,1
235930,235930,235930,WEJHEROWO,95731,235930,1
235931,235931,235931,WEJHEROWO,95667,235931,1
235932,235932,235932,LĘBORK,95813,235932,1
235933,235933,235933,Gdańsk Śródmieście,59752,235933,1
235934,235934,235934,Gdańsk Śródmieście,59780,235934,1
235935,235935,235935,Gdańsk Śródmieście,59736,235935,1
235936,235936,235936,GDAŃSK GŁÓWNY,59702,235936,1
235937,235937,235937,WEJHEROWO,95705,235937,1
235938,235938,235938,Gdańsk Śródmieście,59668,235938,1
235939,235939,235939,Gdańsk Śródmieście,59758,235939,1
235940,235940,235940,Gdańsk Śródmieście,59718,235940,1
235941,235941,235941,GDAŃSK GŁÓWNY,59704,235941,1
235942,235942,235942,Gdańsk Śródmieście,59678,235942,1
235943,235943,235943,Gdańsk Śródmieście,59788,235943,1
235944,235944,235944,Gdańsk Śródmieście,59782,235944,1
235945,235945,235945,WEJHEROWO,95721,235945,1
235946,235946,235946,GDYNIA CHYLONIA,95437,235946,1
235947,235947,235947,GDYNIA CHYLONIA,95451,235947,1
235948,235948,235948,Gdańsk Śródmieście,59308,235948,1
235949,235949,235949,Gdańsk Śródmieście,59300,235949,1
235950,235950,235950,Gdańsk Śródmieście,59798,235950,1
235951,235951,235951,Gdańsk Śródmieście,59310,235951,1
235952,235952,235952,Gdańsk Śródmieście,59790,235952,1
235953,235953,235953,Gdańsk Śródmieście,59692,235953,1
235954,235954,235954,Gdańsk Śródmieście,59788,235954,1
235955,235955,235955,Gdańsk Śródmieście,59414,235955,1
235956,235956,235956,Gdańsk Śródmieście,59416,235956,1
235957,235957,235957,Gdańsk Śródmieście,59420,235957,1
235958,235958,235958,Gdańsk Śródmieście,59424,235958,1
235959,235959,235959,Gdańsk Śródmieście,59426,235959,1
235960,235960,235960,Gdańsk Śródmieście,59434,235960,1
235961,235961,235961,Gdańsk Śródmieście,59474,235961,1
235962,235962,235962,Gdynia Cisowa,95487,235962,1
235963,235963,235963,WEJHEROWO,95681,235963,1
235964,235964,235964,GDAŃSK GŁÓWNY,59698,235964,1
235965,235965,235965,Gdańsk Śródmieście,59798,235965,1
235966,235966,235966,Gdynia Cisowa,95487,235966,1
235967,235967,235967,Gdańsk Śródmieście,59738,235967,1
235968,235968,235968,Gdańsk Śródmieście,59754,235968,1
235969,235969,235969,WEJHEROWO,95725,235969,1
235970,235970,235970,WEJHEROWO,95741,235970,1
235971,235971,235971,Gdańsk Śródmieście,59804,235971,1
235972,235972,235972,Gdańsk Śródmieście,59674,235972,1
235973,235973,235973,Gdańsk Śródmieście,59782,235973,1
235974,235974,235974,LĘBORK,95813,235974,1
235975,235975,235975,WEJHEROWO,95703,235975,1
235982,235982,235982,Gdańsk Śródmieście,59726,235982,1
235983,235983,235983,WEJHEROWO,95695,235983,1
235984,235984,235984,WEJHEROWO,95759,235984,1
235985,235985,235985,WEJHEROWO,95775,235985,1
235986,235986,235986,WEJHEROWO,95685,235986,1
235987,235987,235987,GDYNIA CHYLONIA,95421,235987,1
235988,235988,235988,LĘBORK,95813,235988,1
235989,235989,235989,Gdańsk Śródmieście,59468,235989,1
235990,235990,235990,WEJHEROWO,95689,235990,1
235993,235993,235993,WEJHEROWO,95707,235993,1
235994,235994,235994,Gdańsk Śródmieście,59782,235994,1
235995,235995,235995,LĘBORK,95813,235995,1
235996,235996,235996,GDAŃSK GŁÓWNY,59700,235996,1
235997,235997,235997,Gdańsk Śródmieście,59478,235997,1
235998,235998,235998,WEJHEROWO,95699,235998,1
235999,235999,235999,Gdynia Cisowa,95485,235999,1
236000,236000,236000,Gdańsk Śródmieście,59796,236000,1
236001,236001,236001,WEJHEROWO,95693,236001,1
236002,236002,236002,Gdańsk Śródmieście,59482,236002,1
236003,236003,236003,WEJHEROWO,95689,236003,1
236004,236004,236004,Gdańsk Śródmieście,59478,236004,1
236005,236005,236005,Gdańsk Śródmieście,59798,236005,1
236006,236006,236006,Gdynia Cisowa,95487,236006,1
236007,236007,236007,GDAŃSK GŁÓWNY,59700,236007,1
236008,236008,236008,Gdańsk Śródmieście,59726,236008,1
236009,236009,236009,WEJHEROWO,95703,236009,1
236010,236010,236010,WEJHEROWO,95735,236010,1
236011,236011,236011,Gdańsk Śródmieście,59400,236011,1
236012,236012,236012,Gdańsk Śródmieście,59688,236012,1
236013,236013,236013,Gdańsk Śródmieście,59668,236013,1
236014,236014,236014,WEJHEROWO,95755,236014,1
236015,236015,236015,Gdańsk Śródmieście,59782,236015,1
236016,236016,236016,Gdańsk Śródmieście,59674,236016,1
236017,236017,236017,LĘBORK,95817,236017,1
236018,236018,236018,Gdańsk Śródmieście,59750,236018,1
236019,236019,236019,GDYNIA GŁÓWNA,59726,236019,1
236020,236020,236020,Gdańsk Śródmieście,59790,236020,1
236021,236021,236021,WEJHEROWO,95743,236021,1
236022,236022,236022,Gdańsk Śródmieście,59752,236022,1
236023,236023,236023,Gdynia Cisowa,95483,236023,1
236024,236024,236024,Gdańsk Śródmieście,59474,236024,1
236025,236025,236025,WEJHEROWO,95753,236025,1
236026,236026,236026,LĘBORK,95813,236026,1
236027,236027,236027,WEJHEROWO,95753,236027,1
236028,236028,236028,Gdańsk Śródmieście,59400,236028,1
236029,236029,236029,Gdańsk Śródmieście,59804,236029,1
236030,236030,236030,Gdańsk Śródmieście,59724,236030,1
236031,236031,236031,Gdańsk Śródmieście,59736,236031,1
236034,236034,236034,Gdańsk Śródmieście,59600,236034,1
236035,236035,236035,WEJHEROWO,95753,236035,1
236036,236036,236036,WEJHEROWO,95701,236036,1
236037,236037,236037,GDAŃSK GŁÓWNY,59702,236037,1
236038,236038,236038,Gdańsk Śródmieście,59600,236038,1
236039,236039,236039,WEJHEROWO,95723,236039,1
236040,236040,236040,WEJHEROWO,95723,236040,1
236041,236041,236041,Gdańsk Śródmieście,59742,236041,1
236042,236042,236042,WEJHEROWO,95695,236042,1
236043,236043,236043,Gdynia Cisowa,95487,236043,1
236044,236044,236044,Gdańsk Śródmieście,59780,236044,1
236045,236045,236045,Gdańsk Śródmieście,59318,236045,1
236046,236046,236046,Gdańsk Śródmieście,59674,236046,1
236047,236047,236047,Gdańsk Śródmieście,59754,236047,1
236048,236048,236048,Gdańsk Śródmieście,59796,236048,1
236049,236049,236049,Gdańsk Śródmieście,59438,236049,1
236050,236050,236050,WEJHEROWO,95749,236050,1
236051,236051,236051,WEJHEROWO,95729,236051,1
236052,236052,236052,GDYNIA GŁÓWNA,95765,236052,1
236054,236054,236054,WEJHEROWO,95709,236054,1
236055,236055,236055,GDAŃSK GŁÓWNY,59704,236055,1
236056,236056,236056,WEJHEROWO,95703,236056,1
236057,236057,236057,WEJHEROWO,95707,236057,1
236058,236058,236058,WEJHEROWO,95677,236058,1
236059,236059,236059,WEJHEROWO,95693,236059,1
236060,236060,236060,Gdańsk Śródmieście,59808,236060,1
236061,236061,236061,Gdańsk Śródmieście,59438,236061,1
236062,236062,236062,Gdańsk Śródmieście,59304,236062,1
236063,236063,236063,WEJHEROWO,95703,236063,1
236064,236064,236064,WEJHEROWO,95735,236064,1
236065,236065,236065,Gdynia Cisowa,95485,236065,1
236066,236066,236066,WEJHEROWO,95739,236066,1
236067,236067,236067,Gdańsk Śródmieście,59796,236067,1
236068,236068,236068,WEJHEROWO,95717,236068,1
236075,236075,236075,GDYNIA CHYLONIA,95315,236075,1
236076,236076,236076,WEJHEROWO,95725,236076,1
236077,236077,236077,WEJHEROWO,95785,236077,1
236078,236078,236078,Gdańsk Śródmieście,59446,236078,1
236079,236079,236079,Gdańsk Śródmieście,59790,236079,1
236080,236080,236080,WEJHEROWO,95795,236080,1
236081,236081,236081,Gdańsk Śródmieście,59428,236081,1
236082,236082,236082,GDYNIA GŁÓWNA,95425,236082,1
236083,236083,236083,Gdańsk Śródmieście,59484,236083,1
236085,236085,236085,WEJHEROWO,95695,236085,1
236086,236086,236086,Gdańsk Śródmieście,59706,236086,1
236087,236087,236087,Gdańsk Śródmieście,59318,236087,1
236088,236088,236088,Gdańsk Śródmieście,59714,236088,1
