service_id,monday,tuesday,wednesday,thursday,friday,saturday,sunday,start_date,end_date
1,1,1,1,1,1,1,1,20241215,20250308
2,1,1,1,1,1,1,1,20250309,20250614
3,1,1,1,1,1,1,1,20250622,20250630
4,1,1,1,1,1,1,1,20250701,20250830
5,1,1,1,1,1,1,1,20250831,20251025
6,1,1,1,1,1,1,1,20251026,20251213
7,1,1,1,1,1,1,1,20250615,20250630
8,1,1,1,1,1,0,0,20241216,20250307
9,1,1,1,1,1,0,0,20250310,20250613
10,1,1,1,1,1,0,0,20250616,20250829
11,1,1,1,1,1,0,0,20250901,20251024
12,1,1,1,1,1,0,0,20251027,20251212
13,1,1,1,1,1,1,1,20250727,20250727
14,1,1,1,1,1,1,1,20250817,20250817
15,1,1,1,1,1,1,1,20250726,20250726
16,1,1,1,1,1,0,0,20250616,20250711
17,1,1,1,1,1,1,1,20250725,20250725
18,1,1,1,1,1,1,1,20250728,20250728
19,1,1,1,1,1,1,1,20250926,20250928
20,1,1,1,1,1,1,1,20241216,20241216
21,1,1,1,1,1,0,0,20241217,20250307
22,1,1,1,1,1,1,1,20250207,20250207
23,1,1,1,1,1,1,1,20251001,20251001
24,1,1,1,1,1,0,0,20251002,20251024
25,1,1,1,1,1,1,1,20251010,20251010
26,1,1,1,1,1,0,0,20250310,20250613
27,1,0,0,0,1,0,0,20250616,20250811
28,0,1,1,1,0,0,0,20250617,20250814
29,1,1,1,1,1,1,1,20250818,20250822
30,1,1,1,1,1,1,1,20250825,20250829
31,1,1,1,1,1,0,0,20250901,20250922
32,1,1,1,1,1,0,0,20250923,20251014
33,1,1,1,1,1,0,0,20251015,20251024
34,1,1,1,1,1,1,1,20250926,20250926
35,1,1,1,1,1,1,1,20250927,20250927
36,1,1,1,1,1,0,0,20241216,20250103
37,1,1,1,1,1,0,0,20250107,20250307
38,1,1,1,1,1,1,1,20250707,20250711
39,1,1,1,1,1,0,0,20250901,20251024
40,1,1,1,1,1,1,1,20251002,20251002
41,1,1,1,1,1,0,0,20241216,20250110
42,1,1,1,1,1,0,0,20250113,20250307
43,1,1,1,1,1,0,0,20250616,20250627
44,1,1,1,1,1,1,1,20250630,20250704
45,1,1,1,1,1,0,0,20250707,20250801
46,1,1,1,1,1,1,1,20250804,20250808
47,1,1,1,1,1,0,0,20250811,20250829
48,1,1,1,1,1,1,1,20241215,20250112
49,1,1,1,1,1,1,1,20250412,20250413
50,1,1,1,1,1,1,1,20250113,20250308
51,1,1,1,1,1,1,1,20250309,20250614
52,1,1,1,1,1,1,1,20250312,20250312
53,1,1,1,1,1,1,1,20250615,20250629
54,1,1,1,1,1,1,1,20250630,20250731
55,1,1,1,1,1,1,1,20250801,20250830
56,1,1,1,1,1,1,1,20250831,20251025
57,1,1,1,1,1,1,1,20250913,20250914
58,1,1,1,1,1,0,0,20250707,20250829
59,1,1,1,1,1,1,1,20250309,20250614
60,1,1,1,1,1,1,1,20250705,20250803
61,1,1,1,1,1,1,1,20250809,20250830
62,1,1,1,1,1,0,0,20250707,20250731
63,1,1,1,1,1,0,0,20250801,20250829
64,1,1,1,1,1,1,1,20250615,20250830
65,1,1,1,1,1,0,0,20250630,20250731
66,1,1,1,1,1,1,1,20250801,20250830
67,1,1,1,1,1,1,1,20250309,20250406
68,1,1,1,1,1,1,1,20250407,20250614
69,1,1,1,1,1,1,1,20250411,20250413
70,1,1,1,1,1,1,1,20250705,20250731
71,0,0,0,0,0,1,1,20250309,20250406
72,0,0,0,0,0,1,1,20250419,20250614
73,1,1,1,1,1,0,0,20250310,20250613
74,1,1,1,1,1,1,1,20250411,20250411
75,1,1,1,1,1,0,0,20250616,20250829
76,1,1,1,1,1,1,1,20250704,20250704
77,1,1,1,1,1,0,0,20250901,20251024
78,0,0,0,0,1,0,0,20250905,20250912
79,0,0,0,0,0,1,1,20250419,20250614
80,1,1,1,1,1,1,1,20250510,20250510
81,0,0,0,0,0,1,1,20250615,20250830
82,1,1,1,1,1,1,1,20250712,20250712
83,1,1,1,1,1,1,1,20250831,20250831
84,1,1,1,1,1,1,1,20250906,20250907
85,0,0,0,0,0,1,1,20250920,20251025
86,0,0,0,0,0,1,0,20251004,20251011
87,0,0,0,0,0,1,1,20251026,20251213
88,1,1,1,1,1,0,0,20250616,20250731
89,0,0,0,0,1,0,0,20250718,20250801
90,1,1,1,1,1,1,1,20250804,20250805
91,1,1,1,1,1,1,1,20250806,20250807
92,1,1,1,1,1,1,1,20250808,20250808
93,1,1,1,1,0,0,0,20250811,20250828
94,1,1,1,1,1,1,1,20250814,20250814
95,0,0,0,0,1,0,0,20250822,20250829
96,1,1,1,1,1,1,1,20250309,20250614
97,1,1,1,1,1,1,1,20250615,20250830
98,1,1,1,1,1,1,1,20250309,20250613
99,1,1,1,1,1,1,1,20250614,20250614
100,1,1,1,1,1,1,1,20250615,20250830
101,1,1,1,1,1,1,1,20250630,20250703
102,1,1,1,1,1,1,1,20250726,20250727
103,1,1,1,1,1,1,1,20241215,20250307
104,1,1,1,1,1,1,1,20250308,20250308
105,1,1,1,1,1,1,1,20241215,20250103
106,1,1,1,1,1,1,1,20250104,20250308
107,1,1,1,1,1,1,1,20250615,20250830
108,1,1,1,1,1,1,1,20241215,20250308
109,1,1,1,1,1,1,1,20250211,20250211
110,1,1,1,1,1,1,1,20250615,20250830
111,1,0,0,0,1,0,0,20250310,20250314
112,0,1,1,1,0,0,0,20250311,20250612
113,1,0,0,0,0,0,0,20250317,20250418
114,0,0,0,0,1,0,0,20250328,20250411
115,0,0,0,0,1,0,0,20250425,20250502
116,1,0,0,0,0,0,0,20250428,20250609
117,0,0,0,0,1,0,0,20250523,20250613
118,1,1,1,1,1,1,1,20241215,20250308
119,0,0,1,0,0,1,0,20241221,20250111
120,1,1,1,1,1,1,1,20250309,20250614
121,1,1,1,1,1,1,1,20250330,20250330
122,1,0,0,1,1,0,1,20241215,20250112
123,1,1,1,1,1,1,1,20241217,20241221
124,0,1,1,0,0,1,0,20241224,20250111
125,1,0,1,1,1,1,1,20241215,20250112
126,1,1,1,1,1,0,0,20241217,20241231
127,1,0,1,0,0,0,0,20250310,20250312
128,1,1,1,1,1,0,0,20250311,20250509
129,1,1,1,1,1,1,1,20250404,20250404
130,1,1,1,1,1,1,1,20250429,20250429
131,1,1,1,1,1,0,0,20250512,20250613
132,1,1,1,1,1,1,1,20250615,20250830
133,1,1,1,1,1,1,1,20241215,20250112
134,1,1,1,1,1,1,1,20241216,20241219
135,1,1,1,1,1,1,1,20250107,20250308
136,1,1,1,1,1,1,1,20250801,20250801
137,0,0,0,0,0,1,1,20241215,20250112
138,1,1,1,1,1,1,1,20250309,20250511
139,1,1,1,1,1,1,1,20250512,20250613
140,1,1,1,1,1,1,1,20250630,20250731
141,1,1,1,1,1,0,0,20250616,20250801
142,1,1,1,1,1,1,1,20241215,20250112
143,1,0,0,0,1,0,0,20241223,20241227
144,0,0,0,0,0,1,1,20250111,20250308
145,1,1,1,1,1,1,1,20250222,20250222
146,1,1,1,1,1,1,1,20250309,20250309
147,0,0,0,0,0,1,1,20250315,20250406
148,1,1,1,1,1,0,0,20250616,20250626
149,0,0,0,0,1,0,0,20250618,20250627
150,0,0,0,0,1,0,0,20250801,20250814
151,1,1,1,1,0,0,0,20250804,20250828
152,1,1,1,1,1,0,0,20241216,20250110
153,1,1,1,1,1,0,0,20250107,20250307
154,1,1,1,1,1,0,0,20250310,20250509
155,1,1,1,1,1,1,1,20250901,20250905
156,1,1,1,1,1,0,0,20250908,20251024
157,1,1,1,1,1,1,1,20250909,20250909
158,1,1,1,1,1,1,1,20250309,20250614
159,0,0,0,1,1,0,0,20250329,20250410
160,1,1,1,1,1,1,1,20250512,20250512
161,1,1,1,1,1,0,0,20250831,20251024
162,0,0,0,0,0,1,1,20250906,20251025
163,1,1,1,1,1,1,1,20251026,20251213
164,1,1,1,1,1,1,1,20251109,20251109
165,1,1,1,1,1,0,0,20251027,20251208
166,1,1,1,1,1,1,1,20251209,20251212
167,1,1,1,1,1,1,1,20250901,20251025
168,0,0,0,0,0,0,1,20251026,20251213
169,1,1,1,1,1,1,0,20251027,20251211
170,0,0,0,0,0,1,1,20250615,20250830
171,1,1,1,1,1,0,0,20251027,20251211
172,0,0,0,0,1,0,0,20251205,20251212
173,1,1,1,1,1,1,1,20250831,20251025
174,1,1,1,1,1,1,1,20250930,20250930
175,1,1,1,1,1,1,1,20251026,20251213
176,1,1,1,1,1,1,1,20251111,20251111
177,0,0,0,0,0,1,1,20250309,20250608
178,1,1,1,1,1,0,0,20250901,20251024
179,0,0,0,0,0,1,1,20250309,20250614
180,1,1,1,1,1,1,1,20250615,20250830
181,1,1,1,1,1,0,0,20251027,20251212
182,1,1,1,1,1,1,1,20251113,20251113
183,1,1,1,1,1,0,0,20251026,20251212
184,0,0,0,0,0,1,1,20251101,20251213
185,1,1,1,1,1,0,0,20250831,20251024
186,0,0,0,0,0,1,1,20250906,20251025
187,1,1,1,1,1,1,1,20251026,20251213
188,1,1,1,1,1,1,1,20251102,20251102
189,1,1,1,1,1,0,0,20250616,20250829
190,1,1,1,1,1,1,1,20250828,20250828
191,1,1,1,1,1,1,1,20250831,20251025
192,0,0,0,0,0,1,1,20250906,20250914
193,0,0,0,0,0,1,1,20250309,20250525
194,0,0,0,0,0,1,1,20250531,20250614
195,1,1,1,1,1,0,0,20250831,20251024
196,1,1,1,1,1,1,1,20251007,20251007
197,1,1,1,1,1,1,1,20250831,20251025
198,1,1,1,1,1,1,1,20250906,20250906
199,0,0,0,0,0,1,1,20250831,20251025
200,1,1,1,1,1,0,0,20251026,20251213
201,0,0,0,0,0,1,1,20251101,20251207
202,1,1,1,1,1,1,1,20250901,20250903
203,1,1,1,1,1,0,0,20250904,20251024
204,1,1,1,1,1,0,0,20250831,20250929
205,0,0,0,0,0,1,1,20250906,20250928
206,1,1,1,1,1,1,1,20250930,20251025
207,1,1,1,1,1,1,1,20251026,20251213
208,1,1,1,1,1,1,1,20251112,20251112
209,1,1,1,1,1,1,1,20251026,20251109
210,1,1,1,1,1,1,1,20251110,20251213
211,1,1,1,1,1,0,0,20251027,20251107
212,1,1,1,1,1,0,0,20251110,20251212
213,1,1,1,1,1,0,0,20250616,20250704
214,1,1,1,1,1,0,0,20250714,20250721
215,1,1,1,1,1,0,0,20250807,20250829
216,1,1,1,1,1,0,0,20250901,20251024
217,1,1,1,1,1,1,1,20251003,20251003
218,1,1,1,1,1,0,0,20250722,20250806
219,0,0,0,0,0,1,1,20241215,20250308
220,1,1,1,1,1,1,1,20250209,20250209
221,0,0,0,0,0,1,1,20250615,20250720
222,0,0,0,0,0,1,1,20250809,20250830
223,0,0,0,0,0,1,1,20250831,20251012
224,1,1,1,1,1,1,1,20251018,20251019
225,1,1,1,1,1,1,1,20251025,20251025
226,0,0,0,0,0,1,1,20250726,20250803
227,1,1,1,1,1,0,0,20250616,20250721
228,1,1,1,1,1,1,1,20241215,20250308
229,1,1,1,1,1,1,1,20241222,20241222
230,1,1,1,1,1,1,1,20250118,20250118
231,1,1,1,1,1,1,1,20250215,20250215
232,1,1,1,1,1,1,1,20250309,20250614
233,1,1,1,1,1,1,1,20250310,20250310
234,1,1,1,1,1,1,1,20250318,20250318
235,1,1,1,1,1,1,1,20250525,20250525
236,1,1,1,1,1,1,1,20250615,20250721
237,1,1,1,1,1,1,1,20250807,20250830
238,1,1,1,1,1,1,1,20250722,20250806
239,1,1,1,1,1,1,1,20250309,20250614
240,1,1,1,1,1,1,1,20250615,20250721
241,0,0,0,0,0,1,1,20241215,20250308
242,0,0,0,0,0,1,1,20250309,20250614
243,1,1,1,1,1,1,1,20250315,20250315
244,1,1,1,1,1,1,1,20250601,20250601
245,1,1,1,1,1,0,0,20250310,20250612
246,1,1,1,1,1,1,1,20250613,20250613
247,0,0,0,0,0,1,1,20250309,20250518
248,1,1,1,1,1,0,0,20250310,20250519
249,1,1,1,1,1,1,1,20250324,20250324
250,1,1,1,1,1,1,1,20250520,20250613
251,1,1,1,1,1,1,1,20250610,20250610
252,1,1,1,1,1,1,1,20251026,20251120
253,1,1,1,1,1,1,1,20251121,20251213
254,1,1,1,1,1,1,1,20241215,20250308
255,1,1,1,1,1,1,1,20250227,20250227
256,1,1,1,1,1,1,1,20251026,20251208
257,1,1,1,1,1,1,1,20251209,20251213
258,0,0,0,0,0,1,1,20251026,20251109
259,0,0,0,0,0,1,1,20251111,20251213
260,1,1,1,1,1,0,0,20250310,20250613
261,1,1,1,1,1,1,1,20250508,20250508
262,1,1,1,1,1,0,0,20250616,20250829
263,1,1,1,1,1,1,1,20250813,20250813
264,1,1,1,1,1,1,1,20250908,20250913
265,1,1,1,1,1,1,1,20250908,20250912
266,1,1,1,1,1,0,0,20250915,20251024
267,1,1,1,1,1,1,1,20250309,20250614
268,1,1,1,1,1,1,1,20250615,20250830
269,1,1,1,1,1,1,1,20250831,20251025
270,1,1,1,1,1,0,0,20250714,20250829
271,1,1,1,1,1,0,0,20250714,20250829
272,0,0,0,0,0,1,1,20250309,20250614
273,1,1,1,1,1,0,0,20250310,20250613
274,1,1,1,1,1,1,1,20250615,20250830
275,0,0,0,0,0,1,1,20250831,20251025
276,1,1,1,1,1,1,1,20250913,20250913
277,1,1,1,1,1,0,0,20250901,20250930
278,1,1,1,1,1,0,0,20251001,20251024
279,1,1,1,1,1,1,1,20250831,20250930
280,1,1,1,1,1,1,1,20251001,20251025
281,1,1,1,1,1,1,1,20241215,20250119
282,1,1,1,1,1,1,1,20250120,20250308
283,1,1,1,1,1,1,1,20250615,20250830
284,1,1,1,1,1,1,1,20250309,20250310
285,1,1,1,1,1,1,1,20250311,20250311
286,1,1,1,1,1,1,1,20250312,20250612
287,1,1,1,1,1,1,1,20250317,20250317
288,0,0,0,1,1,0,0,20250404,20250410
289,1,0,0,0,0,0,1,20250414,20250420
290,1,1,1,1,1,1,1,20250418,20250418
291,1,1,1,1,1,1,1,20250504,20250504
292,1,1,1,1,1,1,1,20250513,20250515
293,1,1,1,1,1,1,1,20250516,20250516
294,1,0,0,1,0,0,0,20250526,20250604
295,1,1,1,1,1,1,1,20250528,20250528
296,1,1,1,1,1,1,1,20250831,20251025
297,1,1,1,1,1,1,1,20251009,20251009
298,1,1,1,1,1,1,1,20251026,20251213
299,0,1,0,0,0,0,0,20251028,20251104
300,1,1,1,1,1,1,1,20251103,20251103
301,1,1,1,1,1,1,1,20241215,20250308
302,1,1,1,1,1,1,1,20250309,20250614
303,1,1,1,1,1,1,1,20250513,20250513
304,0,0,0,0,0,0,1,20250528,20250608
305,1,1,1,1,1,1,1,20250615,20250830
306,0,0,1,0,0,0,1,20250622,20250625
307,1,1,1,1,1,1,1,20250831,20251025
308,0,0,0,0,0,0,1,20251003,20251019
309,1,1,1,1,1,1,1,20250831,20250914
310,1,1,1,1,1,1,1,20250915,20251025
311,1,1,1,1,1,0,0,20250901,20250912
312,1,1,1,1,1,1,1,20250309,20250421
313,1,1,1,1,1,1,1,20250422,20250614
314,1,1,1,1,1,0,0,20250310,20250418
315,1,1,1,1,1,0,0,20250422,20250613
316,0,0,0,0,0,0,1,20250427,20250928
317,0,0,0,0,0,1,0,20241221,20250308
318,0,0,0,0,0,1,0,20250315,20250405
319,1,1,1,1,1,1,1,20250412,20250412
320,0,0,0,0,0,1,0,20250419,20250614
321,0,0,0,0,0,1,0,20250619,20250830
322,0,0,0,0,0,1,0,20250906,20251018
323,0,0,0,0,0,1,0,20251101,20251122
324,0,0,0,0,0,1,0,20251129,20251213
325,0,0,0,0,1,0,1,20241215,20250307
326,0,0,0,0,1,0,1,20250309,20250504
327,1,1,1,1,1,1,1,20250413,20250413
328,0,0,0,0,1,0,1,20250509,20250606
329,0,0,0,0,1,0,1,20250608,20250613
330,0,0,0,0,1,0,1,20250615,20250829
331,0,0,0,0,1,0,1,20250831,20251024
332,1,1,1,1,1,1,1,20250914,20250914
333,0,0,0,0,1,0,1,20251026,20251212
334,0,1,0,0,0,0,0,20250506,20250624
335,0,1,0,0,0,0,0,20250909,20250930
336,1,1,1,1,1,1,1,20250517,20250517
337,1,1,1,1,1,0,0,20250311,20250613
338,1,1,1,1,1,0,0,20250714,20250723
339,1,1,1,1,1,1,1,20250724,20250724
340,1,1,1,1,0,0,0,20250725,20250827
341,0,0,0,0,1,0,0,20250801,20250812
342,0,1,0,1,1,0,0,20250820,20250828
343,1,1,1,1,1,1,1,20250829,20250829
344,1,1,1,1,1,0,0,20250311,20250613
345,1,1,1,1,1,0,0,20250616,20250814
346,1,1,1,1,1,1,1,20250624,20250624
347,1,0,0,1,0,0,0,20250721,20250728
348,0,0,0,0,0,1,0,20241221,20250308
349,0,0,0,0,0,0,1,20241222,20250112
350,1,1,1,1,1,1,1,20250119,20250119
351,0,0,0,0,0,0,1,20250126,20250302
352,1,1,1,1,1,0,0,20250714,20250829
353,1,1,1,1,1,1,1,20250718,20250718
354,0,0,0,0,0,1,1,20250315,20250330
355,0,0,0,0,0,1,1,20250405,20250614
356,0,0,0,0,1,0,1,20250615,20250620
357,0,0,0,0,0,1,1,20250619,20250706
358,1,1,1,1,1,1,1,20250712,20250713
359,0,0,0,0,0,1,1,20250719,20250830
360,0,0,0,0,0,1,1,20250906,20250921
361,0,0,0,0,0,1,1,20251004,20251025
362,0,0,0,0,0,0,1,20251026,20251213
363,0,0,0,0,0,1,0,20251101,20251129
364,1,1,1,1,1,1,1,20250107,20250308
365,0,0,1,1,0,0,1,20250109,20250115
366,1,1,1,1,1,1,1,20250210,20250211
367,1,0,0,1,0,1,1,20250301,20250306
368,1,1,1,1,1,1,1,20250407,20250407
369,1,1,1,1,1,1,1,20250408,20250408
370,1,1,1,1,1,1,1,20250409,20250605
371,1,1,1,1,1,1,1,20250416,20250416
372,0,0,0,0,0,0,1,20250427,20250506
373,1,0,0,1,0,1,0,20250517,20250522
374,0,1,0,0,1,0,0,20250603,20250606
375,1,1,1,1,1,1,1,20250607,20250614
376,1,1,1,1,1,0,0,20250923,20251024
377,1,1,1,1,1,0,0,20251027,20251211
378,0,0,0,0,1,0,0,20251128,20251212
379,0,0,0,0,0,1,1,20251026,20251108
380,0,0,0,0,0,1,1,20251109,20251111
381,1,1,1,1,1,1,1,20251115,20251115
382,0,0,0,0,0,1,1,20251116,20251213
383,0,0,0,0,0,1,1,20250831,20250928
384,1,1,1,1,1,1,1,20241215,20250308
385,1,1,1,1,1,1,1,20241229,20241229
386,1,1,1,1,1,1,1,20250615,20250830
387,1,1,1,1,1,1,1,20250617,20250618
388,0,0,1,1,0,0,0,20250619,20250625
389,1,1,1,1,1,0,0,20250310,20250325
390,0,1,1,0,0,0,0,20250326,20250401
391,1,1,1,1,1,0,0,20250327,20250609
392,1,1,1,1,1,1,1,20250505,20250505
393,0,0,0,0,1,0,0,20250513,20250602
394,0,1,0,1,1,0,0,20250610,20250613
395,1,1,1,1,1,1,1,20250611,20250611
396,0,0,0,0,0,1,1,20251026,20251102
397,1,1,1,1,1,1,1,20251108,20251109
398,0,0,0,0,0,1,1,20251111,20251115
399,0,0,0,0,0,1,1,20251108,20251115
400,0,0,0,0,0,1,1,20250615,20251025
401,0,0,0,0,0,1,1,20251108,20251111
402,0,0,0,0,0,1,1,20241215,20250614
403,1,1,1,1,1,1,1,20250309,20250614
404,1,1,1,1,1,1,1,20250409,20250409
405,1,1,1,1,1,1,1,20250615,20250628
406,1,1,1,1,1,1,1,20250629,20250721
407,1,1,1,1,1,0,0,20250901,20251024
408,1,1,1,1,1,1,1,20250904,20250904
409,1,0,0,1,0,0,0,20250915,20250918
410,0,0,1,1,0,0,0,20250930,20251020
411,1,1,1,1,1,0,0,20251027,20251212
412,1,1,1,1,1,1,1,20251104,20251105
413,1,1,1,1,1,0,0,20251114,20251117
414,0,0,0,0,0,1,1,20250831,20251012
415,1,1,1,1,1,1,1,20250920,20250920
416,1,1,1,1,1,1,1,20250309,20250614
417,0,0,0,0,0,1,1,20250809,20250817
418,0,0,0,0,0,1,1,20250823,20250830
419,1,1,1,1,1,1,1,20241215,20250308
420,1,1,1,1,1,1,1,20250218,20250218
421,1,1,1,1,1,1,1,20250831,20251025
422,1,1,1,1,1,1,1,20250909,20250913
423,1,1,1,1,1,1,1,20241215,20250308
424,1,1,1,1,1,1,1,20250217,20250217
425,0,0,0,0,0,1,1,20241215,20250308
426,1,1,1,1,1,1,1,20250104,20250104
427,1,1,1,1,1,1,1,20250421,20250421
428,1,1,1,1,1,1,1,20250501,20250501
429,1,1,1,1,1,1,1,20241215,20241215
430,1,1,1,1,1,1,1,20241216,20250308
431,1,1,1,1,1,0,0,20250310,20250613
432,1,1,1,1,1,1,1,20250831,20251025
433,1,1,1,1,1,1,1,20241215,20250106
434,1,1,1,1,1,1,1,20250107,20250308
435,1,1,1,1,1,1,1,20250615,20251025
436,1,1,1,1,1,1,1,20241215,20250308
437,1,1,1,1,1,1,1,20250221,20250221
438,1,1,1,1,1,1,1,20250307,20250307
439,1,1,1,1,1,1,1,20250615,20250830
440,1,1,1,1,1,1,1,20250831,20251025
441,1,1,1,1,1,1,1,20251026,20251026
442,1,1,1,1,1,1,1,20251027,20251213
443,1,1,1,1,1,1,1,20250309,20250614
444,1,1,1,1,1,1,1,20250615,20250830
445,0,0,0,0,0,1,1,20250831,20251025
446,0,0,0,0,0,0,1,20251005,20251019
447,1,1,1,1,1,1,1,20251026,20251213
448,0,1,0,0,0,0,1,20251102,20251116
449,0,0,0,0,1,1,1,20241215,20250308
450,1,1,1,1,1,1,1,20241220,20241220
451,0,0,0,0,1,0,0,20250314,20250404
452,0,0,0,0,1,0,0,20250418,20250502
453,0,0,0,0,0,1,1,20250419,20250504
454,0,0,0,0,1,0,0,20250509,20250606
455,0,0,0,0,0,1,1,20250510,20250601
456,0,0,0,0,0,1,1,20250607,20250614
457,0,0,0,0,0,1,1,20250615,20250830
458,0,0,0,0,1,0,0,20250725,20250801
459,0,0,0,0,1,1,1,20250831,20250928
460,0,0,0,0,1,1,1,20251003,20251025
461,0,0,0,0,1,1,1,20251026,20251213
462,0,0,0,0,0,1,1,20251109,20251115
463,0,0,0,0,0,1,1,20250831,20251108
464,0,0,0,0,0,1,1,20250831,20251102
465,0,0,0,0,0,1,1,20251108,20251115
466,0,0,0,0,0,1,1,20250615,20250802
467,1,1,1,1,1,1,1,20250803,20250803
468,1,1,1,1,1,1,1,20250809,20250810
469,0,0,0,0,0,1,1,20250815,20250830
470,0,0,0,0,0,1,1,20250831,20250907
471,0,0,0,0,0,1,1,20250920,20251005
472,0,0,0,0,0,1,1,20251011,20251019
473,1,1,1,1,1,1,1,20241215,20250308
474,1,1,1,1,1,1,1,20250210,20250210
475,1,1,1,1,1,1,1,20250309,20250614
476,1,1,1,1,1,1,1,20250314,20250314
477,1,0,0,0,1,0,0,20250512,20250516
478,1,1,1,1,1,1,1,20250612,20250612
479,1,1,1,1,1,1,1,20250831,20251025
480,1,1,1,1,1,1,1,20251023,20251023
481,1,1,1,1,1,1,1,20251026,20251208
482,1,1,1,1,1,1,1,20250615,20250830
483,1,1,1,1,1,1,1,20250707,20250708
484,0,0,1,1,0,0,0,20250731,20250806
485,0,0,0,0,1,0,0,20250816,20250826
486,1,1,1,1,1,0,0,20250616,20250829
487,1,1,1,1,1,0,0,20251026,20251107
488,1,1,1,1,1,1,1,20251101,20251105
489,0,0,0,0,0,1,1,20251108,20251116
490,1,1,1,1,1,0,0,20251110,20251122
491,1,1,1,1,1,1,1,20251123,20251124
492,1,1,1,1,1,1,1,20251125,20251208
493,1,1,1,1,1,1,1,20251128,20251130
494,1,1,1,1,1,1,1,20241215,20250308
495,1,1,1,1,1,1,1,20250305,20250305
496,1,1,1,1,1,1,1,20250615,20250830
497,1,1,1,1,1,1,1,20250812,20250812
498,1,1,1,1,1,1,1,20250831,20251025
499,1,1,1,1,1,1,1,20250903,20250903
500,1,1,1,1,1,1,1,20251008,20251008
501,1,1,1,1,1,0,0,20250616,20250829
502,1,1,1,1,1,1,1,20250731,20250731
503,0,0,0,0,1,0,0,20250818,20250826
504,1,1,1,1,1,0,0,20241216,20250307
505,1,1,1,1,1,1,1,20250113,20250113
506,1,1,1,1,1,1,1,20250204,20250204
507,1,1,1,1,1,0,0,20250310,20250613
508,1,1,1,1,1,0,0,20250901,20251024
509,1,1,1,1,1,1,1,20250925,20250925
510,1,1,1,1,1,1,1,20251022,20251022
511,1,1,1,1,1,0,0,20251110,20251121
512,1,1,1,1,1,0,0,20251124,20251208
513,1,1,1,1,1,1,1,20251026,20251208
514,1,1,1,1,1,0,0,20250630,20250829
515,1,1,1,1,1,0,0,20250901,20250909
516,1,1,1,1,1,0,0,20250910,20250916
517,1,1,1,1,1,0,0,20250917,20250930
518,1,1,1,1,1,1,1,20250310,20250614
519,1,1,1,1,1,1,1,20250405,20250405
520,1,1,1,1,0,1,1,20250615,20250830
521,0,0,0,0,1,0,0,20250718,20250814
522,1,1,1,1,1,1,1,20250831,20250906
523,1,1,1,1,1,1,1,20250907,20250909
524,1,1,1,1,1,1,1,20250910,20250914
525,1,1,1,1,1,1,1,20250915,20250915
526,1,1,1,1,1,1,1,20250916,20250916
527,1,1,1,1,1,1,1,20250917,20250921
528,1,1,1,1,1,1,1,20250922,20250929
529,1,1,1,1,1,1,1,20251001,20251009
530,1,1,1,1,1,1,1,20251010,20251016
531,1,1,1,1,1,1,1,20251017,20251024
532,1,1,1,1,1,1,1,20251026,20251208
533,0,0,0,0,0,0,1,20251102,20251116
534,1,1,1,1,1,1,1,20250615,20250627
535,1,1,1,1,1,1,1,20250625,20250625
536,1,1,1,1,1,1,1,20250628,20250830
537,0,0,1,0,0,0,0,20250716,20250730
538,1,1,1,1,1,1,1,20251026,20251130
539,1,1,1,1,1,1,1,20251201,20251208
540,1,1,1,1,1,1,1,20250311,20250614
541,1,1,1,1,1,1,1,20250901,20250901
542,1,1,1,1,1,1,1,20250902,20251009
543,1,1,1,1,1,1,1,20251017,20251019
544,1,1,1,1,1,1,1,20251020,20251025
545,1,1,1,1,1,0,0,20250901,20251008
546,1,1,0,1,1,0,0,20251010,20251017
547,1,1,1,1,1,1,1,20251015,20251015
548,1,1,1,1,1,1,1,20251020,20251024
549,1,1,1,1,1,1,1,20250309,20250326
550,0,0,1,1,0,0,0,20250327,20250402
551,1,1,1,1,1,1,1,20250328,20250606
552,1,0,0,0,0,0,0,20250428,20250507
553,0,1,0,0,1,0,1,20250518,20250523
554,0,0,1,0,0,1,0,20250604,20250607
555,1,1,1,1,1,1,1,20250608,20250614
556,1,1,1,1,1,1,1,20250615,20250730
557,0,0,0,1,1,0,0,20250711,20250717
558,1,1,1,1,1,1,1,20250801,20250815
559,1,1,1,1,1,1,1,20250816,20250816
560,1,1,1,1,1,1,1,20250817,20250830
561,1,1,1,1,1,1,1,20250826,20250826
562,1,1,1,1,1,1,1,20250831,20251025
563,1,1,1,1,1,1,1,20250923,20250923
564,1,1,1,1,1,1,1,20251026,20251119
565,1,1,1,1,1,1,1,20251120,20251130
566,1,1,1,1,1,1,1,20251201,20251213
567,1,1,1,1,1,1,1,20251026,20251107
568,1,1,1,1,1,1,1,20251108,20251130
569,1,1,1,1,1,1,1,20251122,20251208
570,1,1,1,1,1,1,1,20250309,20250614
571,1,1,1,1,1,1,1,20250531,20250531
572,1,1,1,1,1,1,1,20250709,20250711
573,1,1,1,1,1,1,1,20250722,20250805
574,1,0,1,1,1,1,1,20250807,20250830
575,0,0,0,0,1,0,0,20250816,20250826
576,1,1,1,1,1,0,0,20251027,20251128
577,1,1,1,1,1,1,1,20251201,20251205
578,1,1,1,1,1,1,1,20251208,20251208
579,1,1,1,1,1,1,1,20241215,20250308
580,1,1,1,1,1,1,1,20250615,20250830
581,1,1,1,1,1,1,1,20250703,20250703
582,0,0,0,0,0,0,1,20250803,20250810
583,1,1,1,1,1,1,1,20250823,20250823
584,1,1,1,1,1,0,0,20251026,20251130
585,0,1,0,0,0,1,1,20251101,20251116
586,1,1,1,1,1,1,1,20251201,20251207
587,1,1,1,1,1,0,0,20241216,20250307
588,1,1,1,1,1,0,0,20250616,20250829
589,1,1,1,1,1,1,1,20250709,20250709
590,1,1,1,1,1,1,1,20250729,20250729
591,0,1,1,0,0,0,0,20250806,20250812
592,1,1,1,1,1,0,0,20251110,20251128
593,1,1,1,1,1,1,1,20251124,20251127
594,1,1,1,1,1,0,0,20251201,20251208
595,1,1,1,1,1,1,1,20250309,20250614
596,1,1,1,1,1,1,1,20250615,20250830
597,1,1,1,1,1,1,1,20250615,20250830
598,1,1,1,1,1,1,1,20250821,20250821
599,1,1,1,1,1,1,1,20250831,20250908
600,0,0,1,1,0,1,1,20250910,20250914
601,1,1,1,1,1,1,1,20250912,20250912
602,1,1,1,1,1,1,1,20250915,20250926
603,1,1,1,1,1,1,1,20250927,20250928
604,1,1,1,1,1,1,1,20250929,20250929
605,1,1,1,1,1,1,1,20251001,20251009
606,1,1,1,1,1,1,0,20251011,20251014
607,1,1,1,1,1,1,1,20251012,20251012
608,1,1,1,1,1,1,1,20251015,20251016
609,1,1,1,1,1,1,1,20251017,20251017
610,1,1,1,1,1,1,1,20251018,20251018
611,1,1,1,1,1,1,1,20251019,20251023
612,1,1,1,1,1,1,1,20251024,20251024
613,1,1,1,1,1,1,1,20251026,20251208
614,1,0,0,0,1,0,0,20251107,20251121
615,1,1,1,1,1,1,1,20251213,20251213
616,1,1,1,1,1,0,0,20241216,20250307
617,1,1,1,1,1,1,1,20250107,20250107
618,0,1,0,0,1,0,0,20250214,20250218
619,1,1,1,1,1,0,0,20241216,20250613
620,1,1,1,1,1,0,0,20250901,20251212
621,1,1,1,1,1,1,1,20241215,20250614
622,1,1,1,1,1,0,0,20250616,20251024
623,1,1,1,1,1,1,1,20241215,20251213
624,1,1,1,1,1,1,1,20250615,20251213
625,1,1,1,1,1,1,1,20250615,20251025
626,1,1,1,1,1,0,0,20250310,20250613
627,1,1,1,1,1,1,1,20250402,20250403
628,1,1,1,1,1,1,1,20250502,20250502
629,1,1,1,1,1,0,0,20250818,20250829
630,1,1,1,1,1,1,1,20241215,20251025
631,1,1,1,1,1,1,1,20241215,20250307
632,1,1,1,1,1,1,1,20250214,20250214
633,1,1,1,1,1,1,1,20241215,20250308
634,1,1,1,1,1,1,1,20250105,20250105
635,1,1,1,1,1,1,1,20250309,20250613
636,1,0,0,0,0,0,0,20250907,20250915
637,1,1,1,1,1,1,1,20250909,20251022
638,1,0,1,0,0,0,0,20250929,20251001
639,1,1,1,1,1,1,1,20251011,20251011
640,0,1,0,0,1,0,0,20251017,20251021
641,1,1,1,1,1,1,1,20251024,20251025
642,1,1,1,1,1,1,1,20250831,20251025
643,1,1,1,1,1,1,1,20251005,20251005
644,0,0,1,0,0,0,0,20250616,20250701
645,1,1,1,1,1,1,1,20250617,20250617
646,1,1,1,1,1,0,0,20250623,20250812
647,1,1,1,1,1,0,0,20250725,20250728
648,1,1,1,1,1,0,0,20250807,20250829
649,1,1,1,1,1,1,1,20250615,20250816
650,1,1,1,1,1,0,0,20250901,20251003
651,0,0,0,0,0,1,1,20250919,20251025
652,1,1,1,1,1,0,0,20251009,20251014
653,1,1,1,1,1,1,1,20250817,20250830
654,1,1,1,1,1,1,1,20250615,20250615
655,1,1,1,1,1,0,0,20250901,20251024
656,1,1,1,1,1,1,1,20250910,20250910
657,1,1,1,1,1,1,1,20251016,20251016
658,0,0,0,0,0,1,1,20250831,20251025
659,1,1,1,1,1,1,1,20250831,20251025
660,1,0,0,1,0,0,0,20250909,20250919
661,1,1,1,1,1,0,0,20250901,20251024
662,1,1,1,1,1,1,1,20250831,20251025
663,1,1,1,1,1,1,1,20250918,20250918
664,1,1,1,1,1,1,1,20250831,20251025
665,1,1,1,1,1,1,1,20251004,20251004
666,1,1,1,1,1,1,1,20250831,20251025
667,1,1,1,1,1,1,1,20250901,20251025
668,1,1,1,1,1,0,0,20250901,20251003
669,1,1,1,1,1,1,1,20250911,20250911
670,0,0,0,0,0,1,1,20250920,20251025
671,1,1,1,1,1,1,1,20251013,20251013
672,1,1,1,1,1,0,0,20250901,20251024
673,0,0,0,1,0,0,0,20251010,20251020
674,1,1,1,1,1,0,0,20250901,20251024
675,0,0,0,1,1,0,0,20251003,20251009
676,1,1,1,1,1,1,1,20241215,20250308
677,1,1,1,1,1,1,1,20250101,20250101
678,1,1,1,1,1,0,0,20250901,20251024
679,1,1,1,1,1,1,1,20250908,20250908
680,0,0,1,0,1,0,0,20250917,20250919
681,1,1,1,1,1,0,0,20250901,20251003
682,0,0,0,0,0,1,1,20250920,20251025
683,1,1,1,1,1,1,1,20250104,20250308
684,1,1,1,1,1,1,1,20250615,20250830
685,1,1,1,1,1,1,1,20250701,20250701
686,1,1,1,1,1,1,1,20241215,20250308
687,0,0,0,0,1,0,1,20250105,20250110
688,1,1,1,1,1,1,1,20250205,20250205
689,1,1,1,1,1,1,1,20250309,20250614
690,1,1,1,1,1,1,1,20250604,20250604
691,1,1,1,1,1,1,1,20250615,20250828
692,1,1,1,1,1,1,1,20250621,20250621
693,1,1,1,1,1,1,1,20250706,20250706
694,1,1,1,1,1,1,1,20250804,20250804
695,0,0,1,0,0,0,0,20250813,20250830
696,1,1,1,1,1,0,0,20250616,20250814
697,1,1,1,1,1,1,1,20250309,20250614
698,1,1,1,1,1,1,1,20250520,20250520
699,0,0,0,0,0,1,1,20241215,20250119
700,1,1,1,1,1,0,0,20241216,20250124
701,1,1,1,1,1,1,1,20250125,20250308
702,1,1,1,1,1,1,1,20250201,20250202
703,1,1,1,1,1,1,1,20250831,20250922
704,1,1,1,1,1,1,1,20250923,20251025
705,1,1,1,1,1,1,1,20241215,20250308
706,1,0,0,0,0,0,0,20250203,20250303
707,1,1,1,1,1,1,1,20250615,20250829
708,1,0,0,0,0,0,0,20250818,20250830
709,1,1,1,1,1,1,1,20250831,20251025
710,1,1,1,1,1,1,1,20250919,20250919
711,1,1,1,1,1,0,0,20250901,20251024
712,0,0,0,0,0,1,1,20250831,20250927
713,1,1,1,1,1,0,0,20250901,20251024
714,0,0,0,0,0,1,1,20251005,20251025
715,1,1,1,1,1,0,0,20250901,20251024
716,0,0,0,0,0,1,1,20250920,20251025
717,1,1,1,1,1,1,1,20250907,20250907
718,0,0,0,0,0,1,1,20250920,20251025
719,1,1,1,1,1,1,1,20251019,20251019
720,0,0,0,0,0,1,1,20251026,20251207
721,0,0,0,0,0,1,0,20251206,20251213
722,1,1,1,1,1,0,0,20250910,20251010
723,0,0,0,0,0,1,1,20250615,20250816
724,0,0,0,0,0,1,1,20250817,20250823
725,0,0,0,0,0,1,1,20250824,20250830
726,1,1,1,1,1,0,0,20251013,20251024
727,1,1,1,1,1,1,1,20250831,20250909
728,1,1,1,1,1,1,1,20250910,20251011
729,1,1,1,1,1,1,1,20251012,20251025
730,1,1,1,1,1,1,1,20250911,20251012
731,0,0,0,0,0,0,1,20250831,20250907
732,1,1,1,1,1,0,0,20250901,20250910
733,1,1,1,1,1,0,0,20250911,20251010
734,1,1,1,1,1,0,1,20250919,20250921
735,0,0,0,0,0,1,0,20250920,20251011
736,1,1,1,1,1,1,1,20250928,20250928
737,1,1,1,1,1,0,0,20250911,20251010
738,1,1,1,1,1,1,1,20250310,20250613
739,1,1,1,1,1,1,1,20250831,20251025
740,1,0,0,0,1,0,0,20250615,20250830
741,0,1,1,1,0,1,1,20250617,20250829
742,0,1,1,1,1,1,1,20250831,20251025
743,1,0,0,0,0,0,0,20250901,20251020
744,1,1,1,1,1,1,1,20241215,20250308
745,1,1,1,1,1,1,1,20250114,20250114
746,1,1,1,1,1,1,1,20250206,20250206
747,1,1,1,1,1,1,1,20250831,20251025
748,1,1,1,1,1,1,1,20250831,20251025
749,1,1,1,1,1,0,0,20250901,20251023
750,0,0,0,1,0,0,0,20251002,20251009
751,1,1,1,1,1,0,0,20250901,20251024
752,0,0,0,0,0,1,1,20250920,20251005
753,0,0,0,0,0,1,1,20251018,20251025
754,1,0,0,0,0,0,0,20250901,20250909
755,1,1,1,1,1,0,0,20250902,20251024
756,1,1,1,1,1,1,1,20250923,20250924
757,1,1,1,1,1,1,1,20250111,20250111
758,1,1,1,1,1,1,1,20250112,20250112
759,0,0,0,0,0,1,1,20250118,20250308
760,0,0,0,0,0,1,1,20250920,20251025
761,1,1,1,1,1,1,1,20250831,20251025
762,1,1,1,1,1,1,1,20241215,20241216
763,1,1,1,1,1,1,1,20241217,20250109
764,1,0,0,0,1,1,1,20250110,20250308
765,0,1,1,1,0,0,0,20250114,20250306
766,1,1,1,1,0,1,1,20250831,20251025
767,0,0,0,0,1,0,0,20250905,20250919
768,1,1,1,1,1,1,1,20250908,20250911
769,0,0,0,0,1,0,0,20251017,20251024
770,1,1,1,1,1,0,0,20250310,20250613
771,1,1,1,1,1,1,1,20241215,20250308
772,1,1,1,1,1,1,1,20250615,20250830
773,1,1,1,1,1,1,1,20250618,20250618
774,1,1,1,1,1,1,1,20251026,20251213
775,1,1,1,1,1,1,1,20251110,20251110
776,1,1,1,1,1,1,1,20250606,20250606
777,1,1,1,1,1,1,1,20251206,20251206
778,1,1,1,1,1,1,1,20250901,20251025
779,1,1,1,1,1,0,0,20250616,20250822
780,1,1,1,1,1,1,1,20250807,20250808
781,1,1,1,1,1,0,0,20250904,20250922
782,1,1,1,1,1,1,1,20251026,20251116
783,1,1,1,1,1,1,1,20251117,20251213
784,1,1,1,1,1,1,1,20250831,20251019
785,1,1,1,1,1,1,1,20251026,20251114
786,1,1,1,1,1,1,1,20251115,20251213
787,1,1,1,1,1,1,1,20251026,20251116
788,1,1,1,1,1,1,1,20251111,20251114
789,1,1,1,1,1,0,0,20250901,20251017
790,1,1,1,1,1,0,0,20251027,20251114
791,1,1,1,1,1,0,0,20251117,20251212
792,1,1,1,1,1,1,1,20250615,20250830
793,1,1,1,1,1,1,1,20250616,20250619
794,1,1,1,1,1,1,1,20250309,20250529
795,1,1,1,1,1,1,1,20250530,20250614
796,1,1,1,1,1,0,0,20250310,20250529
797,1,1,1,1,1,1,1,20250530,20250530
798,1,1,1,1,1,0,0,20250602,20250613
799,0,0,0,0,0,1,1,20250309,20250614
800,1,1,1,1,1,0,0,20250313,20250612
801,1,1,1,1,1,1,1,20250423,20250424
802,1,1,1,1,1,1,1,20251020,20251023
803,1,1,1,1,1,0,0,20250310,20250613
804,1,1,1,1,1,1,1,20250320,20250320
805,1,1,1,1,1,0,0,20251027,20251110
806,1,1,1,1,1,1,1,20251112,20251114
807,1,1,1,1,1,1,1,20241215,20250614
808,1,1,1,1,1,1,1,20250602,20250602
809,1,1,1,1,1,1,1,20251115,20251116
810,1,1,1,1,1,1,1,20251026,20251110
811,1,1,1,1,1,0,0,20250310,20250613
812,1,1,1,1,1,1,1,20241215,20250308
813,1,1,1,1,1,1,1,20250126,20250126
814,1,1,1,1,1,1,1,20250309,20250614
815,1,1,1,1,0,1,1,20251115,20251213
816,0,0,0,0,1,0,0,20251117,20251212
817,0,0,0,0,0,0,1,20241222,20250302
818,0,0,0,0,0,1,1,20250315,20250614
819,1,1,1,1,1,1,1,20250607,20250607
820,0,0,0,0,0,1,1,20250615,20250830
821,0,0,0,0,0,1,0,20250831,20250920
822,0,0,0,0,0,0,1,20250907,20250921
823,0,0,0,0,0,1,0,20251004,20251018
824,0,0,0,0,0,0,1,20251005,20251025
825,0,0,0,0,0,1,1,20251026,20251207
